-0.007536
0.093374
-0.130266
0.131616
-0.111950
0.043603
0.064358
0.092139
0.019520
-0.041378
0.000096
-0.101204
-0.077173
0.016472
-0.010577
-0.048013
0.033313
0.028816
-0.021527
-0.138429
-0.033457
-0.508444
-0.067230
0.075342
-0.159216
-0.033118
0.122492
0.040992
0.080358
0.024140
-0.034223
-0.140501
0.041275
-0.016349
0.035081
0.015633
0.060518
-0.018695
-0.075799
0.067647
-0.060837
-0.034969
0.021264
0.082305
0.042877
-0.080110
-0.029640
0.063084
-0.037800
-0.018033
-0.038596
0.215270
-0.383812
-0.116817
-0.066655
0.147260
0.076920
0.019552
0.180384
0.090228
-0.023739
-0.176740
0.051878
-0.042086
0.005035
0.123688
-0.016433
-0.124106
0.009130
-0.193287
0.056503
-0.004431
-0.001332
0.006016
0.161204
0.103964
-0.145202
0.070267
-0.010398
-0.101307
0.115032
-0.224236
-0.077126
0.072560
0.060169
0.001541
0.121262
-0.091969
0.103029
0.011652
0.069953
-0.163798
-0.023694
0.090976
0.025088
-0.125171
0.012652
0.052292
0.073413
-0.043844
0.178114
-0.082266
-0.073888
0.007402
0.068849
-0.062493
0.045918
0.056202
0.045662
-0.443076
-0.051909
-0.274608
-0.012520
-0.383221
-0.063237
0.022327
0.064590
-0.143254
-0.073289
0.065482
0.019627
-0.016145
-0.114682
-0.031155
0.114492
-0.222358
-0.143723
0.085530
-0.218936
-0.030393
-0.019389
-0.205274
-0.149378
-0.128118
0.064983
0.018723
0.104838
-0.333904
0.122825
0.046988
0.010758
0.056664
0.046515
-0.004663
-0.088718
0.003622
0.043769
0.118737
0.094394
-0.182406
-0.012601
-0.119898
0.041506
-0.036882
-0.053458
0.065004
0.153660
0.003491
-0.357256
-0.080880
-0.166738
-0.245127
-0.020274
0.021926
-0.154728
-0.039225
-0.072537
-0.026274
-0.038617
-0.051395
0.085156
0.050110
0.046325
-0.095619
0.048153
-0.109465
0.059116
0.072132
-0.199217
-0.009314
0.024069
-0.159588
-0.103309
-0.131812
-0.030207
-0.607670
0.050347
0.150531
0.024843
0.107918
-0.066234
-0.251157
0.021863
0.083021
-0.020587
0.011930
0.035557
-0.048989
-0.012602
0.041601
0.022058
-0.043690
-0.083417
-0.099331
-0.154497
-0.049497
-0.238370
-0.244612
-0.055699
0.039028
0.010016
-0.049957
-0.362356
-0.039552
0.188456
-0.255167
-0.719648
0.016742
0.026011
-0.190529
0.064853
0.088797
-0.109326
0.134827
0.038621
-0.047217
0.077800
-0.090213
-0.013594
0.102477
-0.277044
0.005589
-0.181937
-0.310372
-0.001484
0.011691
-0.260712
0.151291
0.091532
0.066126
0.008034
0.305576
-0.010029
-0.155493
0.072126
0.066615
0.026437
-0.099032
0.031850
-0.067489
0.137167
-0.062755
-0.033517
0.095868
-0.264899
-0.102033
-0.218227
-1.390077
0.016607
0.115982
0.144548
-0.109099
-0.202346
-0.204377
-0.168775
-0.010640
-0.053783
-0.280120
-0.047907
0.013352
-0.025255
0.168367
-0.083754
0.022729
-0.086593
0.044144
-0.086078
-0.055598
0.095627
0.099745
-0.148290
-0.191122
0.022470
-0.124879
0.015534
0.051603
-0.076348
0.109396
-0.124731
0.147796
0.092211
0.052031
0.011947
-0.033255
-0.260619
0.070233
0.017945
0.024265
0.076281
-0.235494
-0.128464
-0.137462
0.050017
0.070257
0.191467
0.024857
0.084704
0.008163
0.047205
-0.078058
0.031482
0.045390
0.377997
-0.018645
0.003031
0.081667
0.143399
0.094709
-0.055189
-0.002354
0.003480
0.083386
-0.008909
0.090767
-0.261644
-0.028461
0.038767
0.028371
0.096331
-0.182048
0.057372
0.048643
0.070597
-0.129466
-0.310959
0.035368
0.107594
0.006669
0.006925
0.068604
-0.580606
-0.014840
-0.150054
-0.059640
0.132287
0.018006
0.006894
-0.292824
-0.037714
0.078244
-0.038291
0.113700
0.018252
0.065997
-0.152017
0.069198
-0.002960
0.060309
-0.353967
0.054426
-0.176829
0.126988
-0.041146
0.010775
-0.372315
-0.144450
0.113745
0.042771
0.129380
-0.030536
0.045341
-0.018975
-0.018322
0.058856
-0.034824
-0.185420
-0.015732
-0.092515
-0.114341
-0.051650
0.084989
-0.099724
0.036108
-0.036444
-0.238713
0.060729
0.064173
-0.141738
-0.042061
0.025765
-0.098757
0.029656
-0.052986
-0.016049
-0.312542
0.064476
-0.024145
-0.014350
0.030049
0.109562
-0.026828
0.072085
0.131651
-0.061562
0.025615
-0.085399
-0.077657
0.089945
0.055405
0.025407
0.046403
0.049614
0.040642
-0.229414
0.006601
-0.026350
-0.021585
-0.026877
0.040385
-0.127616
0.178656
0.010945
0.045497
-0.145570
0.058359
-0.135914
0.074555
-0.038874
0.093973
-0.113937
-0.047191
0.153115
0.072129
0.016723
0.076943
-0.049111
0.070503
0.045049
0.027563
-0.151123
-0.043183
-0.313708
0.051307
-0.038903
-0.294125
-0.013083
0.038188
-0.001072
0.075638
-0.044023
-0.137490
-0.011736
-0.097972
0.001076
-0.033142
0.035167
0.033554
-0.027905
0.046210
0.187811
0.024375
0.072779
-0.052395
-0.439921
-0.167775
-0.035481
-0.026076
0.040545
-0.250701
0.081622
0.017244
0.042394
-0.104851
-0.067141
-0.151151
-0.110928
-0.117050
-0.334344
0.188807
-0.060770
-0.002169
0.082099
0.098038
-0.160683
0.202776
-0.093104
0.073550
0.012854
0.056625
0.131779
0.280144
-0.015707
-0.029441
0.059386
-0.120645
0.120212
0.013978
0.013106
-0.037350
-0.096263
-0.113757
-0.038736
0.037465
-0.032877
-0.193347
-0.129941
-0.009214
-0.212803
0.070739
-0.211713
0.047803
-0.232838
0.058103
0.048991
-0.324407
0.059267
-0.173244
-0.026862
-0.062566
0.093486
-0.166660
-0.051198
0.124097
-0.019335
0.019873
-0.229881
-0.144096
-0.052805
0.080254
-0.163636
-0.191536
0.082205
-0.143976
-0.130934
0.132826
-0.039602
-0.026286
0.140002
-0.132885
0.132079
-0.027798
0.001094
-0.007431
0.078645
-0.231354
0.017367
0.038183
-0.113492
0.043304
-0.054260
-0.241218
-0.018709
0.012287
0.022308
0.036695
0.071564
-0.053614
0.118552
-0.042550
-0.080898
-0.076678
0.099779
0.018799
0.017216
0.065687
-0.016231
-0.011183
-0.086253
-0.091963
-0.006958
0.007667
-0.025586
-0.294176
-0.128237
0.058516
0.416886
-0.305931
0.100564
-0.076069
0.057912
-0.229523
0.008610
-0.350124
-0.200977
0.002591
0.126603
0.037505
-0.062553
-0.096133
0.044153
0.030769
0.009975
0.020330
-0.313583
-0.065795
-0.107538
0.050726
-0.157626
0.078498
-0.406818
0.101037
0.005185
-0.018539
0.058013
0.030638
0.225013
0.080242
-0.017927
0.130338
-0.017409
0.031999
0.092725
0.095211
-0.179968
-0.173272
-0.006176
0.038029
0.058765
-0.043693
0.013909
-0.124474
0.134459
0.041872
-0.003539
-0.045729
-0.038819
-0.308388
0.016850
0.023457
0.085665
-0.076643
-0.018343
-0.109481
0.030314
-0.281635
0.135739
-0.247443
0.091895
-0.019576
-0.485554
0.052962
0.044746
0.044033
-0.145585
0.035860
0.105999
0.127292
0.018612
-0.227816
0.043533
-0.243362
0.087974
0.035866
0.045952
-0.087546
-0.255317
0.026407
-0.208702
0.076401
0.123643
-0.056314
-0.092471
-0.003158
0.012476
0.048463
-0.082258
-0.158576
0.043889
-0.075668
0.033385
0.010388
0.056640
0.002109
-0.025366
-0.085044
-0.202116
0.120414
0.019469
-0.159924
-0.004528
0.041426
0.097329
-0.012957
0.088086
-0.247235
0.039023
0.228118
0.057832
-0.025600
-0.095268
-0.029499
0.087648
0.025083
0.062329
0.095049
-0.092139
0.050127
-0.093520
-0.007494
-0.010529
0.153948
-0.334170
-0.103178
-0.123414
-0.030072
-0.265220
-0.100540
0.131044
-0.117247
0.053000
-0.259898
-0.039560
0.017247
0.100234
-0.010313
0.028832
-0.143417
0.010419
-0.293914
-0.062064
0.087781
-0.088582
0.082223
-0.143132
0.001821
-0.015320
-0.091426
0.136035
0.034303
0.165349
0.115481
-0.053572
0.069005
-0.132365
-0.139917
0.047678
0.018478
-0.019412
-0.187068
-0.214350
0.052822
-0.504808
0.086099
-0.139206
0.078688
-0.174153
-0.088189
-0.004290
0.056811
-0.092871
0.037393
-0.003084
-0.250664
-0.037827
0.004256
-0.096303
-0.119740
0.031160
-0.200182
0.078349
0.133832
-0.220581
0.016941
-0.082086
0.048498
0.020981
-0.159289
-0.118770
0.014175
-0.157275
0.009945
0.023429
-0.390284
0.229359
0.112654
0.092325
0.050838
-0.058018
0.036242
-0.406202
0.008425
0.006775
-0.085670
-0.101011
0.060646
-0.335793
-0.196449
-0.004463
0.044334
-0.065802
0.033177
-0.119552
-0.856394
0.026801
-0.131907
-0.031849
-0.090852
0.095996
-0.257794
0.020770
-0.086749
0.006831
-0.020256
-0.007413
-0.030048
0.154267
0.063818
-0.040212
0.049242
-0.078618
-0.119267
-0.042860
-0.277823
-0.223992
-0.170873
-0.058384
0.076361
0.091957
-0.028072
0.031310
0.036228
0.032928
0.131101
-0.083070
-0.428096
-0.035487
0.030050
-0.084925
0.023431
0.014992
0.027917
0.068737
-0.046420
0.062997
-0.086704
0.054709
-0.008308
-0.121151
0.181483
0.020755
-0.018195
-0.143711
-0.002168
-0.174469
-0.035854
0.030390
0.044281
0.033210
-0.256953
0.084230
0.041030
-0.011472
0.174488
-0.090140
-0.108122
0.008301
-0.348776
-0.050893
0.073486
-0.308439
0.072656
-0.070887
0.053109
-0.269128
0.053537
0.098712
0.046571
-0.083123
0.040007
-0.034967
0.042282
0.097525
0.113710
-0.040080
-0.100797
0.009020
-0.188605
0.084408
0.059064
0.051315
-0.347928
-0.027258
0.007939
0.097942
-0.135028
-0.119211
0.144680
0.111626
0.117648
-0.115524
0.041677
0.010113
0.008329
-0.050062
0.083765
0.004370
0.057082
-0.004356
0.008632
-0.041709
-0.216204
-0.417198
0.016927
-0.246359
-0.041771
-0.015609
-0.154138
-0.299819
0.081823
-0.318203
0.192845
-0.082696
-0.119272
-0.001440
0.018318
0.110271
0.087864
-0.104274
0.080794
0.059066
0.053341
-0.028278
0.150663
-0.063424
-0.067395
0.059646
-0.124153
-0.058957
0.130212
0.048153
-0.012041
-0.144802
-0.150658
0.068925
-0.128060
-0.038143
-0.190175
-0.115559
-0.019944
-0.223801
0.068552
-0.036989
0.045529
-0.231279
0.020601
-0.111021
0.107177
0.048787
-0.053745
0.018327
-0.210430
0.064073
0.159277
0.069441
-0.224154
-0.039322
-0.101952
-0.126400
-0.044499
0.061283
-0.088681
-0.276289
0.067723
-0.040724
-0.051000
-0.205221
0.005674
-0.165590
-0.954221
0.033028
0.073940
-0.024850
0.031904
0.053665
-0.086797
-0.040593
-0.042575
0.043368
-0.048591
-0.141727
-0.016303
-0.037861
0.097209
-0.102526
-0.019515
0.060241
-0.015076
0.042102
0.010210
0.026164
-0.169728
0.087352
0.009738
-0.069165
-0.062003
-0.089199
-0.092672
-0.400735
-0.214002
0.077258
