-0.149051
0.124270
0.124237
0.132793
-0.018429
0.040549
-0.387454
0.142463
-0.192926
-0.316463
0.078635
-0.101587
-0.217568
0.086702
-0.002544
-0.262415
0.000482
0.065459
-0.176812
-0.154232
-0.102923
0.019136
-0.162459
0.128164
-0.083428
-0.035773
0.051266
-0.112797
0.109912
-0.085778
-0.024490
-0.237053
0.118488
-0.078731
-0.332900
-0.186538
-0.014286
0.077320
0.044642
0.127862
-0.086896
-0.168585
-0.113890
-0.002398
0.014849
-0.043211
-0.341990
0.067730
-0.071589
0.153333
-0.332028
0.279594
-0.666647
-0.125360
-0.356468
-0.194586
0.131199
0.095100
0.220733
-0.072037
-0.079181
-0.157662
-0.097711
-0.329000
0.032614
0.084359
-0.331836
-0.077211
-0.036666
-0.174559
0.129770
-0.008600
-0.209621
-0.316965
0.000284
0.063718
-0.278333
-0.010345
-0.175365
-0.176870
0.117272
-0.239032
-0.025151
-0.284794
0.122999
0.094263
-0.006541
-0.265432
0.100470
-0.070279
-0.011258
-0.312298
0.035837
0.013372
-0.260002
-0.027701
-0.196283
-0.160536
0.006329
-0.144530
0.111606
0.022549
-0.458485
0.167624
0.086545
-0.109785
-0.076661
-0.074834
0.095800
-0.345542
-0.228397
-0.220614
0.080036
-0.157370
0.030960
-0.231540
-0.051489
0.002256
-0.179737
0.065372
0.177648
-0.288683
-0.204587
-0.048619
-0.295554
-0.189074
-0.260356
0.126854
-0.308097
-0.223503
0.065057
0.019361
-0.118605
-0.066661
-0.023366
0.018339
0.004094
-0.227174
0.083553
0.086780
-0.154427
0.089777
-0.192284
-0.125403
-0.273702
-0.045148
0.136051
0.139417
-0.183946
-0.052405
-0.154960
-0.151351
0.083607
-0.063614
-0.266323
-0.043861
0.187420
-0.225516
-0.116120
0.007805
-0.346070
-0.026428
-0.163805
-0.159354
-0.024310
-0.323623
-0.239967
-0.187287
0.114344
-0.090275
-0.342015
0.201825
-0.359280
-0.225381
0.123444
-0.382118
0.013760
-0.133969
-0.373531
-0.127191
-0.137281
-0.170532
-0.033661
-0.128265
-0.194738
-0.207823
0.082457
0.263551
-0.135989
0.031130
0.096235
-0.100733
0.061514
-0.028418
-0.075730
-0.256985
0.096459
-0.177235
0.019661
-0.124794
-0.136194
-0.217694
-0.159905
0.038884
-0.150068
-0.304328
-0.330593
0.081999
0.075658
0.160311
0.144895
-0.016424
-0.333920
-0.057097
-0.074370
-0.133073
-0.203591
0.117654
-0.333014
-0.359372
-0.134631
-0.307005
-0.083579
-0.097615
-0.167395
-0.151348
-0.290957
-0.286545
-0.198063
-0.153745
-0.404945
-0.087737
-0.123405
-0.262570
-0.315636
-0.248161
-0.177793
0.103486
0.045589
0.124750
-0.082499
0.265534
-0.027627
-0.248995
-0.033444
0.133319
-0.077760
-0.134892
-0.160815
-0.336101
0.182206
0.080533
0.036080
-0.291012
-0.262389
-0.299681
-0.103711
-0.424125
-0.182651
0.102396
0.171356
-0.344291
-0.289195
-0.106158
-0.256873
0.005832
-0.056880
-0.275058
-0.162506
0.035557
-0.228413
-0.114038
-0.280096
0.036352
-0.065926
0.016833
0.024294
0.089968
0.138263
0.145297
-0.017480
-0.217299
0.098357
-0.052512
-0.094091
0.015587
-0.167197
0.136120
-0.391014
0.174729
0.085789
-0.033171
-0.082509
0.080932
-0.201649
0.109361
-0.240087
0.095986
0.014053
-0.382454
-0.230367
-0.151792
-0.071206
0.127999
-0.369074
0.139449
0.123094
-0.152958
0.001101
-0.189412
-0.115472
-0.059878
0.101623
-0.203643
-0.043466
-0.058951
0.029544
0.024547
-0.339526
-0.020085
0.031367
0.142993
-0.045723
-0.082980
-0.184744
-0.306740
-0.026104
0.062692
0.207242
-0.250768
0.098004
0.100869
-0.182977
-0.066663
-0.037781
0.081814
0.138187
-0.207087
0.029931
-0.123623
-0.024564
-0.081566
-0.188220
0.042109
0.057589
-0.041298
-0.044208
-0.047131
-0.270015
-0.146195
-0.242490
0.110961
0.142866
-0.380824
-0.202452
0.059487
-0.252601
-0.391725
-0.080994
-0.096784
-0.384363
0.098775
-0.202830
-0.346865
-0.122319
-0.387240
0.018651
-0.195872
0.137830
0.132646
-0.100626
0.076741
-0.216698
-0.112595
0.083417
-0.160543
-0.076755
0.074212
-0.281050
-0.306421
0.003139
-0.159284
-0.292792
0.080950
-0.332738
-0.320346
0.022586
-0.258808
-0.233379
0.056561
0.032827
0.076606
-0.335361
-0.059108
-0.276001
-0.235018
-0.348388
-0.208351
-0.132430
0.191183
-0.256566
-0.130141
-0.272724
-0.011996
-0.021073
-0.293199
-0.310618
0.072884
-0.048275
0.100725
-0.059802
-0.293140
0.048350
-0.285761
-0.134956
-0.384639
-0.206839
-0.083538
-0.221654
-0.126377
-0.055992
-0.132550
0.097853
-0.241785
-0.151578
-0.290825
-0.067238
-0.079873
0.081909
-0.337095
0.095689
0.192235
-0.025983
-0.051193
0.064232
-0.090791
0.116084
0.076914
-0.060237
0.072099
-0.231710
-0.443441
-0.182555
-0.018094
-0.353068
-0.023128
0.011305
0.109648
-0.371037
-0.179084
-0.301886
-0.357919
-0.355484
-0.149580
-0.147156
-0.092846
-0.105869
-0.126051
-0.273028
0.029504
0.046226
-0.047894
0.118571
0.099514
-0.202362
-0.430107
-0.204485
-0.013922
-0.379625
-0.012095
-0.033172
0.101061
-0.364009
-0.179966
-0.365785
-0.173218
-0.100867
-0.196802
0.268857
-0.202300
-0.073568
-0.146898
0.167207
0.007457
-0.216013
0.028854
0.086105
-0.012881
-0.394237
-0.035906
-0.051448
0.006673
-0.039842
-0.010350
-0.247981
-0.195493
-0.124910
0.091720
-0.162025
-0.216545
-0.112179
-0.209859
-0.011775
-0.143707
-0.228782
-0.229474
-0.089915
-0.071222
0.029420
-0.377978
0.141574
-0.132167
0.012204
-0.214031
-0.169237
-0.122160
-0.121637
-0.375862
-0.040966
-0.257219
-0.208342
-0.069374
0.129923
-0.126418
-0.081160
-0.312430
-0.226014
-0.237626
-0.002197
0.019693
-0.176022
-0.228564
-0.129457
-0.141440
0.097815
-0.073485
-0.464978
0.015948
-0.139858
0.111551
-0.215674
-0.448701
-0.196427
0.041474
-0.055980
0.138083
-0.246053
-0.243970
-0.157222
-0.061538
-0.309555
-0.120320
-0.032936
0.078960
-0.020548
0.101062
-0.287302
0.007757
-0.327250
-0.338403
-0.168136
-0.066723
-0.286732
-0.104738
0.139094
-0.263871
0.143158
-0.395966
-0.093263
-0.192975
0.001213
-0.311954
-0.445032
-0.211886
-0.166492
0.264272
-0.421913
0.143442
0.101380
-0.183870
-0.337572
-0.207170
-0.338086
-0.109601
-0.257758
0.162022
-0.142941
-0.210543
-0.026736
-0.087002
-0.002990
-0.135214
-0.325997
-0.333607
-0.109179
-0.186599
-0.125899
-0.288698
-0.164551
-0.432328
-0.277394
-0.044638
0.006080
-0.058267
0.107905
0.329859
0.102600
-0.258132
0.071581
-0.066459
-0.331682
0.033993
0.064596
-0.101072
-0.250121
-0.167610
-0.218078
0.091365
0.124392
-0.108915
-0.205409
0.156854
0.119080
-0.374026
-0.298726
-0.169815
-0.206093
-0.135840
-0.366244
-0.274417
-0.030211
-0.138627
-0.099545
-0.078332
-0.327843
0.099031
-0.268355
0.005084
-0.260093
-0.436861
-0.216137
0.100901
0.119996
0.102927
-0.181142
-0.026733
0.166130
0.125004
-0.146535
0.082399
-0.263487
0.168597
-0.151355
-0.002617
-0.120544
-0.300619
0.055896
0.012760
-0.158443
0.115272
-0.166638
-0.120033
-0.250774
-0.170896
-0.111988
-0.189731
-0.194096
0.068104
-0.249137
0.119313
-0.012901
-0.254202
0.077499
-0.088531
-0.192182
-0.190533
0.198998
-0.008403
-0.270017
0.061057
-0.231402
-0.175140
0.070651
-0.115911
-0.341344
-0.023513
0.242671
0.084874
-0.155540
-0.152345
-0.359772
-0.062136
-0.139815
-0.135735
0.096035
0.049289
0.074873
-0.063025
-0.224152
-0.016537
0.094197
-0.249346
-0.206250
-0.290803
0.071389
-0.370740
-0.094861
-0.364077
-0.285690
0.043673
-0.474391
-0.166287
0.148792
-0.093687
-0.319765
-0.408590
-0.264686
-0.261021
-0.503579
-0.233286
0.161384
0.029333
-0.208461
-0.355935
-0.381859
-0.230658
-0.385010
-0.041241
-0.163862
-0.123875
0.028841
-0.033430
0.099324
-0.233893
-0.260165
-0.292572
0.132947
-0.156258
-0.221858
-0.417563
-0.101341
-0.089030
-0.117352
-0.172401
-0.106227
-0.349867
-0.465665
0.019889
-0.152504
-0.024251
0.056869
-0.134504
-0.467667
-0.272255
-0.212749
-0.051345
-0.141326
-0.070639
0.136386
0.118077
0.148354
-0.187244
-0.265674
-0.027770
0.011096
-0.042028
-0.183939
-0.205402
-0.406267
0.038812
-0.091308
-0.159576
-0.326877
0.219488
-0.162813
-0.060449
0.160067
-0.108640
0.088923
-0.181748
0.003723
-0.126939
-0.016560
-0.151775
0.127267
-0.352095
-0.245278
-0.216108
0.070511
-0.020751
-0.162221
-0.337548
-0.628857
-0.338940
-0.053776
-0.126674
-0.277994
0.107719
-0.163169
0.000815
-0.159972
-0.176188
-0.191237
-0.352816
-0.137179
0.216902
0.059793
-0.264346
0.166504
-0.259307
-0.102720
-0.372983
-0.161384
-0.183981
-0.257478
-0.259079
-0.211901
0.219234
-0.119264
0.159748
-0.040643
0.065091
0.182933
-0.004461
-0.499253
-0.149029
-0.149116
-0.223120
-0.014969
0.164290
-0.291924
-0.016119
-0.282180
0.144887
-0.258894
-0.244423
0.048065
-0.115028
0.089571
-0.147741
0.071740
0.005582
0.034816
-0.126236
-0.268100
-0.069888
-0.057394
-0.026088
-0.238003
0.170495
-0.085565
0.079343
0.102563
0.153177
0.000456
-0.022010
-0.323168
-0.425312
-0.196865
-0.212606
-0.042044
-0.175048
-0.027591
-0.242051
0.087197
0.058369
0.086240
-0.408929
0.105941
-0.116129
0.036353
0.152207
-0.008444
-0.429238
-0.059830
0.112370
-0.364689
-0.061457
0.125726
-0.285345
-0.453617
-0.340189
-0.242868
-0.252457
-0.290406
0.069270
0.105826
0.121089
-0.106065
-0.324522
-0.034659
-0.032354
0.052338
-0.134730
0.130616
-0.015764
0.017290
-0.103750
-0.199601
-0.302611
-0.205673
0.093590
-0.370064
-0.240701
-0.079987
-0.487690
-0.065809
-0.556550
-0.060078
-0.009760
-0.198412
-0.337020
-0.354075
0.058929
0.107135
0.172156
0.057921
-0.477567
0.197197
-0.064039
-0.266167
-0.000882
0.273865
-0.138016
-0.197117
-0.188913
-0.281273
-0.171626
0.046820
-0.104751
-0.008310
-0.059400
-0.235176
-0.165272
-0.406536
-0.170068
-0.252771
-0.171174
-0.195569
-0.491323
-0.193319
-0.106440
-0.073756
-0.147565
-0.006771
-0.136658
0.059652
0.094889
-0.144182
0.040421
-0.049284
0.034967
0.176615
-0.141736
0.138486
-0.204353
-0.098830
-0.202244
-0.129148
0.096651
-0.040219
-0.252343
0.194579
-0.226437
-0.141704
-0.194663
-0.256770
-0.415992
-0.921891
0.094006
0.079536
0.071410
0.092071
-0.076711
-0.243307
-0.406998
-0.197929
0.126512
-0.125817
0.061021
-0.266741
0.145292
0.032927
0.006325
0.065337
-0.260945
-0.158579
-0.316960
-0.340449
-0.099928
-0.355890
-0.153411
-0.151202
0.113292
0.050112
-0.116579
-0.179164
-0.308811
-0.125361
-0.046209
