-0.042476
0.055201
-0.074336
0.019877
-0.041656
-0.007990
0.010824
0.080574
-0.021709
-0.010137
-0.006146
-0.149170
-0.019738
0.005980
-0.016028
-0.058051
-0.073371
0.007568
-0.026630
-0.063967
-0.040106
-0.198696
-0.025214
-0.017228
-0.062725
0.028757
0.099263
0.006898
-0.006435
-0.017445
-0.175011
-0.106397
-0.024767
-0.035829
-0.052429
-0.070262
0.021517
-0.104864
-0.038372
0.024106
-0.004686
-0.012252
-0.019251
0.008714
-0.001655
-0.013613
-0.052802
0.025732
0.001964
-0.001978
-0.027447
0.176574
-0.238336
-0.015589
-0.062944
0.082363
0.028336
0.051086
0.123364
0.045440
0.001277
-0.236199
-0.034981
-0.079367
-0.048690
0.032949
-0.045588
-0.107427
-0.033023
-0.063398
0.048012
-0.083304
-0.004593
-0.041760
0.034978
-0.000898
-0.090488
-0.011886
-0.023445
0.012303
0.032957
-0.064685
-0.219233
-0.014185
-0.013022
-0.004710
-0.016365
-0.077926
0.075340
-0.053178
0.014418
-0.045188
-0.028616
0.025424
-0.026903
-0.114178
-0.043352
-0.004786
0.018779
0.003403
0.107514
-0.069225
-0.059094
-0.008342
0.049668
-0.090439
-0.007008
-0.018976
0.037619
-0.623285
-0.081308
-0.039648
-0.039246
-0.058451
-0.015230
0.001078
0.010341
-0.035743
-0.097708
0.065624
0.022078
-0.008056
-0.104572
-0.084427
0.032078
-0.041160
-0.017752
0.037968
-0.079623
-0.145680
-0.014917
-0.117795
-0.099596
-0.054950
-0.005455
0.023378
0.040278
-0.254752
0.102701
0.019858
-0.026090
-0.033866
-0.018726
-0.005759
-0.010453
0.015114
0.047777
-0.005163
-0.002025
-0.121838
-0.001779
-0.107930
0.018601
-0.022387
-0.030696
0.009649
0.040189
-0.001182
-0.356676
-0.083475
-0.130944
-0.052084
-0.078022
0.053626
-0.058990
-0.036152
-0.006350
-0.084403
-0.031116
-0.091086
0.005394
0.059528
-0.059324
-0.238645
0.018116
-0.102053
0.008630
-0.008830
-0.083126
0.003508
0.048342
-0.119628
-0.043990
-0.164131
-0.021073
-0.251375
-0.000187
0.095995
0.007385
0.023747
-0.039687
-0.104765
-0.014867
0.020337
-0.059072
0.051391
0.020281
-0.122528
-0.029999
0.022748
-0.040748
-0.065090
-0.066321
-0.060573
-0.124225
-0.071807
-0.232763
-0.156952
0.005506
-0.011781
-0.010069
-0.044429
-0.245680
-0.053790
0.058108
-0.045604
-0.730641
-0.036158
-0.002630
-0.148160
0.013625
-0.009203
-0.025672
0.028268
-0.038021
-0.050348
0.013296
-0.046942
-0.021061
0.055376
-0.157158
0.036840
-0.093839
-0.110027
-0.039721
-0.011214
-0.186705
0.031416
-0.009553
0.037716
0.004427
0.134274
0.001288
-0.043409
-0.012478
0.017938
0.009313
-0.126360
0.044531
-0.203636
0.063957
-0.188739
-0.044683
0.005157
-0.151946
-0.128962
-0.142471
-0.732796
-0.006037
0.005944
0.081404
-0.139027
-0.237945
-0.152911
-0.119600
-0.043068
-0.057354
-0.067169
0.013538
-0.041944
-0.023822
0.046080
-0.189831
-0.033189
-0.127048
0.005921
0.007028
-0.005350
0.029901
0.029980
-0.154373
-0.012887
-0.017110
-0.134157
-0.030113
-0.044011
-0.041155
0.043634
-0.161301
0.052250
0.080027
0.001347
0.028363
-0.028878
-0.127601
-0.010390
-0.059456
-0.043538
-0.016330
-0.239528
-0.182442
-0.126574
-0.034721
0.011933
0.050124
-0.007290
0.020876
-0.046389
-0.009722
-0.065015
-0.034368
0.011129
0.119371
-0.041984
-0.023238
-0.035875
0.067946
0.019782
-0.003254
-0.013885
-0.021984
0.067608
0.006120
0.045801
-0.077216
-0.010021
0.074011
0.058879
0.097649
-0.139538
-0.002646
0.017550
0.019126
-0.152078
-0.526103
-0.065802
0.047030
-0.019340
-0.023323
-0.033626
0.005137
-0.084391
-0.255707
-0.019006
0.071690
-0.001730
-0.038637
-0.080916
-0.005899
0.000683
-0.077433
0.061592
0.023892
0.034254
-0.108663
0.012785
0.033040
0.013147
-0.418797
-0.026305
-0.097959
0.007678
-0.024140
-0.057700
-0.169499
-0.064442
0.031849
0.000147
0.132145
0.012483
-0.047867
-0.099843
-0.044364
0.050960
0.012092
-0.093675
-0.026538
-0.021347
-0.056523
-0.119320
0.024556
-0.060395
0.039276
-0.145513
-0.119490
-0.006117
0.020555
-0.229938
-0.031377
0.000801
-0.042556
-0.131650
-0.034726
0.014864
-0.112135
0.020244
-0.099444
-0.038140
-0.014643
0.065972
-0.023265
-0.002751
0.025186
-0.027142
-0.020460
-0.120196
-0.010236
0.033409
-0.020160
-0.005168
0.010827
0.011483
-0.011322
-0.106980
-0.002004
-0.059387
-0.045619
-0.054871
-0.011860
-0.121457
0.056533
-0.030126
0.047650
-0.071473
0.004679
-0.043130
0.013657
0.074049
0.080471
-0.089576
-0.025932
0.093340
-0.002605
0.012335
0.021117
0.024090
-0.034157
0.009232
-0.011574
-0.026131
-0.080409
-0.166609
0.023063
-0.071846
-0.282817
-0.002866
0.063078
0.019065
-0.015724
-0.050311
-0.123301
-0.009172
-0.122085
-0.011525
0.003835
0.003727
-0.009209
0.052529
0.012658
0.044936
-0.020966
0.049333
0.003257
-0.115925
-0.086072
0.018351
-0.059245
0.014323
-0.205260
0.050080
-0.058184
0.058161
-0.307239
-0.141956
-0.076490
-0.064243
-0.176959
-0.257591
0.118148
-0.087940
-0.015073
-0.013929
0.050939
-0.030339
0.056033
-0.042318
-0.001602
0.006106
-0.038681
0.037669
0.110048
0.001133
-0.011513
0.020197
-0.095221
0.006198
-0.039559
0.026349
-0.004017
-0.085274
0.010107
-0.017854
-0.024026
-0.029799
-0.149094
-0.022444
-0.019156
-0.012323
-0.012673
-0.089598
-0.003793
-0.163603
0.019219
-0.009021
-0.181073
-0.007943
-0.040072
0.047202
-0.039852
0.010815
-0.029981
-0.050868
0.047272
-0.032945
-0.029797
-0.216826
-0.129791
-0.041466
0.028047
-0.017162
-0.164226
-0.025145
-0.064774
-0.124373
0.004795
-0.119123
-0.055476
-0.020349
-0.039189
0.065322
0.053156
-0.004608
-0.017724
0.048232
-0.168235
0.003422
-0.011558
-0.071070
-0.040886
-0.035569
-0.179607
-0.040856
-0.025927
-0.015741
-0.014219
0.021809
-0.074990
0.038801
-0.051887
-0.025276
-0.037895
0.004776
-0.023015
-0.071863
0.008740
0.015678
-0.018612
0.015969
-0.077723
-0.040120
0.002548
-0.033095
-0.166580
-0.139626
0.082418
0.158146
-0.218600
0.010176
0.022117
0.016365
-0.118979
-0.099299
-0.162213
-0.095000
-0.024426
0.076895
-0.023976
-0.059708
-0.003207
-0.008865
-0.027898
-0.049786
-0.014902
-0.078644
-0.012938
-0.160804
0.036592
-0.058656
0.004622
-0.213090
0.016023
-0.024266
-0.077073
0.013124
0.024314
0.197177
0.012337
-0.047378
0.017728
-0.026169
0.016991
-0.002255
-0.010091
-0.078550
-0.310831
-0.102431
0.009099
0.006517
0.055189
-0.016035
-0.021202
0.002766
0.010655
0.024642
-0.048628
-0.037680
-0.153691
-0.073386
0.012414
0.057132
-0.063223
-0.034716
-0.055332
-0.011117
-0.082266
0.068939
-0.082656
0.021848
-0.053538
-0.746229
-0.000359
-0.011940
0.040145
-0.172131
-0.075762
0.059519
0.049765
0.014980
-0.208692
-0.004367
-0.003749
0.039728
0.021626
0.023561
-0.078568
-0.214389
-0.036071
-0.181909
0.017775
0.035524
-0.038194
-0.028485
0.010449
-0.047775
-0.001583
-0.010049
-0.180211
0.022415
-0.032668
-0.001322
-0.121686
-0.050303
-0.000997
0.006409
-0.037682
-0.268566
0.060432
-0.079451
-0.233067
-0.038670
-0.027273
-0.013050
-0.014305
0.016866
-0.081740
0.088577
0.223007
0.064852
-0.113281
-0.078959
-0.042837
-0.035774
0.000339
0.038860
0.045469
-0.081761
0.028752
-0.091150
-0.034924
-0.034659
0.062516
-0.141770
-0.032501
-0.089879
0.043343
-0.388910
-0.021827
0.101920
-0.102360
0.017978
-0.260231
-0.024489
-0.004257
0.034759
0.021295
-0.034490
-0.110820
-0.028417
-0.286381
-0.067286
0.051331
-0.167968
0.010564
-0.183695
-0.088560
-0.035966
-0.112670
0.068872
-0.004375
-0.033491
0.047042
-0.015343
0.074538
-0.102728
-0.195098
0.026660
0.006110
-0.006099
-0.100614
-0.252835
0.050656
-0.224897
0.093787
-0.045791
-0.094719
-0.179279
-0.175375
-0.025100
0.038689
-0.047558
0.000047
-0.054842
-0.312464
-0.135101
-0.025422
-0.053569
-0.079706
-0.022701
-0.077146
0.003705
0.045210
-0.260737
-0.026245
-0.081367
0.008009
-0.008034
-0.060356
-0.024798
-0.044773
-0.020757
-0.010022
-0.013525
-0.169624
0.160319
0.044146
0.007550
0.035286
-0.028419
-0.021163
-0.117798
-0.049989
-0.048184
-0.040929
-0.023183
0.041857
-0.200663
-0.038559
-0.010963
0.005654
-0.029762
-0.044811
-0.082902
-0.774507
-0.039843
-0.078888
-0.042101
-0.104589
0.033921
-0.089473
0.037421
-0.046314
-0.030119
-0.003666
-0.065892
-0.034241
0.059274
0.000893
-0.071189
0.005922
-0.031453
-0.100226
-0.150235
-0.070759
-0.050321
-0.086706
-0.129942
0.037669
0.107702
-0.030026
0.040811
-0.022660
0.046037
0.048749
-0.050089
-0.092593
-0.088783
-0.040021
-0.008011
0.001590
0.002667
-0.019236
-0.038093
-0.043222
0.000320
-0.012347
-0.047521
-0.039620
-0.100558
-0.002790
-0.010571
0.001491
-0.019609
-0.042482
-0.053528
-0.037936
-0.026158
-0.013618
-0.013912
-0.180773
0.029995
-0.001830
-0.005445
0.051609
-0.014378
-0.095049
-0.053324
-0.074522
-0.169119
0.027453
-0.156544
0.022449
-0.035160
-0.000914
-0.124173
-0.026706
0.034177
-0.003581
-0.101304
-0.021134
-0.072785
0.037196
0.041799
0.075621
-0.074479
0.013685
-0.042769
-0.093772
0.057601
0.051263
0.000234
-0.292850
-0.031227
-0.101886
0.034511
-0.131634
-0.027120
0.030869
0.037712
-0.004155
-0.021012
0.048998
-0.064362
-0.057125
-0.038007
0.023498
-0.036814
0.017495
-0.042718
0.019858
-0.012400
-0.112444
-0.215708
0.001448
-0.164236
-0.039004
0.015722
-0.153076
-0.275221
0.066628
-0.212753
0.063262
-0.019712
-0.027614
-0.028982
-0.018366
0.027374
0.057038
-0.057935
-0.035704
0.015992
-0.023374
-0.066456
0.148736
-0.010306
-0.189452
-0.024866
-0.137270
-0.015428
0.092571
0.004225
-0.064586
-0.010174
-0.096245
0.023248
-0.130364
-0.025146
-0.045684
-0.050023
-0.011591
-0.295681
-0.001508
-0.071362
0.034586
-0.083713
-0.029684
-0.007334
0.004588
0.042021
-0.038520
0.053117
-0.093818
0.011313
0.066829
-0.035001
-0.142482
0.009814
-0.050758
-0.101116
-0.113705
0.009980
-0.035068
-0.172732
0.068251
-0.152842
-0.031382
-0.098146
-0.047633
-0.167958
-1.159749
-0.003525
-0.017721
-0.016167
0.097987
-0.010395
-0.122787
-0.051007
-0.002731
0.017205
-0.004853
-0.106752
-0.046288
-0.095754
0.004476
0.001629
-0.001421
-0.003552
-0.040797
0.001913
-0.015578
-0.035499
-0.104620
0.069744
-0.040883
-0.175501
-0.037246
-0.087306
-0.010171
-0.219925
-0.183794
0.018434
