0.028320
0.129626
-0.118489
0.177953
0.017645
0.055311
0.073803
0.138162
0.040437
0.004437
0.053599
-0.060865
0.013265
0.109500
-0.005695
-0.049021
0.085905
0.008503
0.051279
-0.087933
0.019273
-0.361844
0.018283
0.090956
-0.102028
0.010354
0.164273
0.156294
0.105423
0.035990
-0.044687
-0.092464
0.058470
0.074238
0.027375
-0.026883
0.034480
-0.014921
-0.007931
0.162267
0.015741
-0.026359
0.001595
0.091941
0.102838
-0.104301
0.016763
0.131414
-0.003494
0.026147
-0.019047
0.301022
-0.348307
-0.077726
-0.063104
0.236335
0.133576
0.061929
0.222967
0.117992
-0.002400
-0.202536
0.027020
-0.039017
0.102536
0.185834
-0.039823
-0.088222
0.035170
-0.093064
0.167022
-0.006353
0.116810
0.003133
0.180505
0.111058
-0.142920
0.087081
0.002336
-0.069303
0.139978
-0.140511
-0.043012
0.036435
0.105598
0.047150
0.103560
-0.101706
0.145234
0.006118
0.096951
-0.053793
0.096951
0.112062
0.037598
-0.073271
0.039953
0.163345
0.097403
-0.016531
0.266055
-0.073232
0.028630
0.079570
0.071635
-0.034455
0.095566
0.081997
0.061027
-0.520440
0.026275
-0.176158
0.027919
-0.294556
-0.059504
0.037399
0.071891
-0.048937
-0.051035
0.101803
0.113463
-0.024432
-0.145650
-0.021706
0.166743
-0.157388
0.034864
0.134046
-0.089329
0.059113
0.058297
-0.101888
-0.137029
-0.046699
0.099327
0.026133
0.203545
-0.413138
0.206732
0.092796
0.021257
0.119600
0.061893
0.023530
-0.081682
0.027592
0.091791
0.139017
0.190031
-0.086218
0.046286
-0.102920
0.050234
0.000140
-0.006633
0.066229
0.256090
-0.002629
-0.103368
-0.062183
-0.128018
0.046968
0.028835
0.038007
0.067569
0.081512
-0.035971
-0.042043
0.038108
-0.051990
0.126239
0.217230
0.054541
-0.132032
0.059038
-0.081789
0.099982
0.113324
-0.184719
0.036331
0.044960
-0.169350
-0.036133
-0.117535
0.016272
-0.292621
0.055823
0.175309
0.037615
0.132161
0.007765
-0.179909
0.007506
0.090346
-0.025516
0.033851
0.072209
-0.063390
0.032657
0.078913
0.054976
0.043882
-0.001875
-0.070331
-0.079893
-0.053900
-0.319685
-0.197339
0.135613
0.071960
0.033534
-0.010681
-0.426077
0.005930
0.185294
-0.144336
-0.427827
0.067350
0.030299
-0.155947
0.059502
0.117086
-0.023070
0.185817
0.055255
0.014563
0.126489
-0.107491
0.010343
0.156626
-0.349611
0.053341
-0.160446
-0.326841
-0.022943
-0.037696
-0.108313
0.169115
0.103745
0.132370
0.029751
0.391216
0.008800
-0.162232
0.122363
0.136570
0.039481
-0.082769
0.048833
-0.123528
0.166042
-0.131123
0.011853
0.118799
-0.196168
-0.059379
-0.215517
-1.073655
0.035608
0.189105
0.166397
-0.182843
-0.087527
-0.221876
-0.148709
0.042597
-0.023811
-0.302131
0.006957
0.113397
0.024244
0.181245
0.000072
0.063596
-0.094597
0.069160
0.084795
0.002085
0.106543
0.184047
-0.099041
-0.161049
0.047932
-0.145375
0.110630
0.122225
0.056509
0.102699
-0.166839
0.230275
0.127764
0.051525
0.035511
-0.014851
-0.230701
0.115288
0.032422
0.010525
0.047593
-0.269782
-0.129832
-0.124922
0.103987
0.085703
0.310748
0.066943
0.106289
-0.021218
0.092573
-0.060291
0.076839
0.092951
0.421248
0.028091
0.045196
0.090970
0.216270
0.108447
0.019094
0.043914
-0.003836
0.075777
0.158365
0.168836
-0.077805
0.037539
0.082836
0.091239
0.111728
-0.170695
0.225752
0.057802
0.076469
-0.097319
-0.266526
0.068226
0.202586
0.112910
0.038811
0.057822
-0.771980
0.022080
-0.198698
-0.068443
0.171979
0.100072
0.011548
-0.139378
-0.026952
0.148518
-0.019055
0.157561
0.045928
0.045118
-0.066522
0.071393
0.034623
0.122836
-0.167348
0.049590
-0.184339
0.167262
-0.015996
0.020998
-0.203213
-0.129567
0.151373
0.103613
0.209280
0.024785
0.050438
-0.022808
-0.010407
0.105781
0.026895
-0.082298
0.018704
0.104899
-0.118574
-0.060508
0.088937
-0.105848
0.076777
-0.010821
-0.153842
0.098631
0.112594
-0.128670
0.019359
0.075098
-0.089304
0.033942
-0.010952
0.020872
-0.390479
0.080500
-0.003072
0.037405
0.031738
0.151554
0.030885
0.118993
0.181726
0.029516
0.039807
-0.039667
-0.194094
0.115250
0.062324
0.093009
0.056583
0.066102
0.078707
-0.085052
-0.016187
-0.070135
-0.002092
0.006377
0.063376
-0.066198
0.234535
0.023741
0.085062
-0.169064
0.078267
-0.043938
0.163173
0.207435
0.112221
-0.095573
0.000546
0.202264
0.148523
0.018520
0.094078
0.008109
0.116047
0.043676
0.069479
-0.118048
-0.029624
-0.385242
0.052729
0.007969
-0.358012
0.113783
0.093835
0.052779
0.116069
0.043283
-0.082054
-0.038545
-0.084581
0.046627
0.003054
0.049195
0.030267
0.038464
0.098680
0.212112
0.119941
0.081317
0.007279
-0.016272
-0.181049
-0.038233
0.003034
0.061857
-0.226554
0.116362
0.040262
0.098016
-0.123347
-0.023368
0.020497
-0.073503
-0.066933
-0.236968
0.225470
0.072027
0.031218
0.100447
0.154413
-0.069537
0.201123
0.017096
0.089590
0.022805
0.028170
0.204155
0.327835
0.030104
-0.055668
0.073442
-0.081920
0.156499
0.039491
0.049003
-0.046704
-0.062647
0.092314
-0.039828
0.035757
-0.023995
-0.146475
-0.055590
0.018123
-0.055084
0.072387
-0.290322
0.039729
-0.213777
0.059060
0.073696
-0.308352
0.056946
-0.025565
-0.022312
0.077049
0.103600
-0.119565
-0.037285
0.165441
-0.050363
0.046461
-0.282791
-0.139874
0.003579
0.086774
0.015472
-0.128721
0.112501
-0.122033
-0.078435
0.137883
-0.043084
-0.004038
0.169973
-0.063621
0.157682
0.036625
0.024678
0.062677
0.093489
-0.209641
0.051504
0.046454
-0.104490
0.075802
-0.023852
-0.302713
0.064707
0.034721
0.007918
0.071074
0.152861
-0.137906
0.198143
0.022658
-0.083719
-0.010583
0.095308
0.030140
0.076306
0.080510
0.013087
0.061924
-0.034802
-0.025008
-0.002361
0.011706
0.057513
-0.254461
-0.015186
0.067003
0.492663
-0.355091
0.210118
0.056783
0.082101
-0.314626
0.021395
-0.313114
-0.205265
-0.024610
0.141723
0.125718
0.026682
0.009770
0.066560
0.047059
0.040403
0.013947
-0.206744
-0.044889
-0.105864
0.088005
-0.160472
0.080293
-0.420469
0.110542
0.019860
-0.000200
0.064630
0.065449
0.274550
0.094233
-0.027150
0.177013
0.041684
0.069834
0.166035
0.095500
-0.116905
-0.175205
-0.062816
0.081483
0.137235
0.023531
-0.006754
-0.018009
0.144025
0.076548
0.021191
-0.073561
-0.045913
-0.196427
0.101611
0.152221
0.203186
0.041517
0.002867
-0.120584
0.092817
-0.263451
0.201494
-0.117403
0.121304
0.088343
-0.319694
0.095757
0.116654
0.055742
-0.084840
0.035828
0.148004
0.143996
0.043535
-0.252049
0.072449
-0.239529
0.164924
0.099152
0.129252
-0.062607
-0.211093
0.071336
-0.174791
0.090240
0.144830
0.017124
-0.022195
0.030559
0.015862
0.071674
0.060109
-0.027175
0.124549
-0.019612
0.090052
-0.008157
0.088118
0.074803
-0.027448
-0.036740
-0.225833
0.143754
0.055183
-0.206607
0.057449
0.069727
0.099543
0.016719
0.114752
-0.142182
0.075765
0.316136
0.146116
-0.017144
0.040220
0.025285
0.136713
0.101127
0.130058
0.135701
-0.034387
0.074240
-0.097806
0.022388
0.012986
0.179876
-0.336004
-0.115567
0.022845
0.066153
-0.340849
-0.022043
0.151386
-0.085074
0.102331
-0.335269
0.016426
0.091116
0.187600
0.059302
0.078740
-0.084751
0.072870
-0.306735
-0.065227
0.146706
-0.050726
0.110934
-0.074233
0.105758
-0.020256
-0.117922
0.167304
0.039163
0.259782
0.126819
0.036461
0.126497
-0.109603
-0.155630
0.067995
0.107383
0.002874
-0.174211
-0.228989
0.057954
-0.511158
0.155951
-0.055611
0.124474
-0.184011
-0.117833
0.064488
0.078103
0.049494
0.110088
0.145603
-0.232740
0.032742
0.019912
-0.012444
-0.104384
0.079358
0.085374
0.107519
0.174308
-0.227448
-0.022240
-0.058052
0.068001
0.058523
0.002464
-0.120433
-0.002498
-0.067030
0.058806
0.045641
-0.452695
0.272486
0.107216
0.097120
0.072178
0.053510
0.105412
-0.152752
0.005083
0.016853
0.014979
0.086231
0.110626
-0.346309
-0.060587
0.059232
0.127765
-0.038669
0.089825
-0.106327
-0.925202
0.045376
-0.063480
0.037864
-0.101139
0.128858
-0.227620
0.064421
-0.017412
0.092927
0.082910
0.078356
-0.005098
0.232724
0.086738
-0.059846
0.122594
0.009884
-0.046704
-0.052669
-0.157573
-0.161199
-0.111119
-0.041354
0.034777
0.116547
0.023162
0.079477
0.077035
0.072567
0.206212
-0.088869
-0.334185
-0.012562
0.040354
-0.008210
0.066498
-0.006298
0.119280
0.082381
0.032212
0.049066
-0.067310
0.063863
0.010784
-0.110283
0.229666
0.076779
0.126082
-0.122585
0.061935
-0.074940
0.061413
0.100572
0.088592
0.026622
-0.253629
0.084246
0.066130
0.033536
0.248369
-0.067844
-0.035106
0.026372
-0.268651
-0.010852
0.103884
-0.229394
0.112138
0.033403
0.090773
-0.127584
0.095565
0.084989
0.067223
-0.110864
0.076054
-0.061326
0.043110
0.100124
0.174593
-0.023872
0.078404
0.064031
-0.149680
0.095772
0.118575
0.070744
-0.426696
0.029162
0.038529
0.063144
-0.130998
-0.086867
0.195946
0.134872
0.133553
-0.011991
0.088417
0.028818
0.036517
0.004077
0.064237
0.016399
0.040381
0.001260
0.065472
-0.026899
-0.120466
-0.428128
0.124310
-0.108125
0.012789
0.083790
-0.020459
-0.270924
0.087295
-0.134597
0.225481
-0.006534
-0.022521
-0.014181
0.036208
0.193542
0.107327
-0.090865
-0.006007
0.046887
0.060453
0.001454
0.206680
0.087617
-0.079235
0.142733
-0.064122
-0.007021
0.102319
0.080318
-0.014676
0.005250
-0.175429
0.099382
-0.124580
0.047830
-0.096180
-0.046762
0.003708
-0.225921
0.095075
-0.125009
0.082914
-0.102048
0.055338
-0.075197
0.131823
0.081140
0.049833
0.068651
-0.107483
0.095610
0.207895
0.091334
-0.224469
-0.028937
-0.055762
-0.125906
-0.042382
0.055620
0.046039
-0.352271
0.107303
-0.008044
-0.061774
-0.130686
0.020589
-0.194694
-1.111678
0.020066
0.083953
0.033021
0.041167
0.042816
-0.014127
0.025126
-0.026027
0.066833
-0.014085
0.004354
0.051364
0.064335
0.137705
-0.041668
-0.020717
0.061184
0.015307
0.049185
0.011710
-0.008379
-0.199646
0.254116
-0.010069
-0.024339
-0.049493
-0.081036
-0.109230
-0.344198
-0.248372
0.138049
