-0.027864
0.165399
-0.037314
0.134875
-0.053652
0.043205
0.136288
0.119946
0.025409
0.045881
0.077369
-0.181027
0.011782
0.086092
0.017879
-0.125943
0.026274
0.084473
-0.026149
-0.392548
0.021994
-0.231189
0.148054
0.046987
-0.209089
0.142714
0.107459
0.175547
0.114807
0.062834
-0.040896
-0.253730
0.027880
0.002076
0.023001
0.073361
0.017213
0.016965
-0.098514
0.079984
-0.028493
-0.054460
-0.053651
0.119740
0.067940
-0.143802
-0.059293
-0.018831
0.066045
0.030559
-0.061057
0.272838
-0.077384
-0.175321
-0.071830
0.041980
0.157351
0.017459
0.214395
0.061844
0.066095
-0.147003
-0.076922
-0.066101
-0.022850
0.157604
-0.022654
-0.194632
0.079137
-0.054411
0.185624
0.028999
0.097537
-0.050938
0.157156
0.063890
-0.128320
0.032535
0.099782
0.099198
0.280032
-0.118528
-0.183795
-0.076050
0.117261
0.098853
0.063715
-0.103487
0.158482
-0.011519
0.045045
-0.027353
0.004033
0.156253
0.061150
-0.059344
-0.005063
0.163178
0.192148
-0.006288
0.023998
-0.081389
0.008588
0.056626
0.084400
-0.117313
0.064793
0.062842
0.113198
-0.270357
0.017719
-0.160791
-0.021846
-0.314915
-0.033514
0.034711
-0.020685
-0.180662
-0.036860
0.048981
0.107793
0.035041
-0.115966
-0.012886
0.095990
-0.240091
-0.033695
0.062494
-0.112140
0.083424
-0.075762
-0.264483
-0.191473
-0.157776
0.064189
0.060999
0.032335
-0.368783
0.141178
0.078884
-0.014000
-0.006468
-0.064483
0.005333
-0.063838
-0.084072
0.097102
0.069412
0.065747
-0.167223
-0.059153
-0.105248
0.136012
-0.004479
-0.040398
0.140288
0.025228
0.019900
-0.467695
-0.104091
0.073553
-0.005376
-0.157120
-0.168836
-0.097188
-0.096476
0.056616
-0.041571
-0.031892
-0.152789
0.143702
0.172507
0.010020
-0.065756
0.166644
-0.187732
0.132632
0.168580
-0.098288
0.011670
0.018758
-0.176582
-0.093695
-0.192585
0.070359
-0.474402
0.060760
0.219395
0.058862
0.132606
-0.069035
-0.114427
0.041347
0.139836
-0.045941
0.072983
-0.055259
-0.041494
-0.001364
0.115090
0.008551
0.098457
-0.016218
-0.199487
-0.050685
-0.143777
-0.242033
-0.198712
0.048422
0.024406
0.005998
-0.016302
-0.256178
-0.150790
0.115574
-0.208638
-0.617792
0.132752
-0.028381
-0.131674
0.033181
0.049854
-0.095160
0.106498
0.055504
-0.031181
0.119027
-0.205911
0.019142
0.181637
-0.140677
0.139771
-0.098907
-0.354990
-0.140030
-0.110547
-0.086530
0.057721
0.132361
0.080972
-0.024816
0.381526
0.060345
-0.026392
0.038483
0.078519
0.147870
-0.059434
0.174019
-0.155345
0.213417
-0.108782
0.030297
0.011569
-0.148888
-0.217344
-0.148458
-0.776253
0.008227
0.149011
0.129177
-0.107138
-0.260125
-0.184076
-0.213776
0.062504
-0.052709
-0.106154
0.043306
-0.019553
-0.036826
0.088121
-0.005833
0.009435
-0.094812
0.093210
0.047654
-0.059398
0.081909
0.028803
-0.129622
-0.045159
-0.054893
-0.183418
0.144165
0.048876
-0.161857
0.113847
-0.198968
0.300968
0.278837
0.049532
-0.108156
-0.014514
-0.283765
0.056667
0.011232
-0.017292
0.036795
-0.167910
-0.211408
-0.241324
0.001821
0.076949
0.155108
0.028502
0.105062
-0.049147
0.163004
-0.200840
0.028198
0.123563
0.281364
0.020754
0.107862
0.112681
0.162391
0.039414
-0.089631
-0.142213
0.001534
0.179525
-0.160764
-0.003502
-0.099182
-0.039195
0.120045
0.164668
0.115665
-0.093266
0.096233
0.028760
0.172317
-0.014929
-0.293419
0.045879
0.251939
0.099635
0.013030
0.069079
-0.297136
0.070467
-0.297298
-0.099352
0.200169
-0.015664
0.036628
0.002340
-0.032077
0.074362
-0.050754
0.286457
-0.033999
0.141022
-0.160227
-0.006791
0.064421
0.098103
-0.486938
0.033654
-0.245169
0.070237
-0.048811
-0.008739
-0.313030
-0.035918
0.154881
-0.013809
0.221869
-0.036004
-0.041920
-0.058804
-0.096012
0.171805
-0.008459
-0.155442
-0.141312
0.061854
-0.113121
-0.088917
0.176178
0.012689
0.115528
-0.004871
-0.158423
0.045770
0.087466
-0.250320
-0.121611
0.091005
-0.149957
-0.166466
-0.084234
0.059137
-0.198116
0.105653
-0.084712
0.006485
0.018217
0.102504
-0.069647
0.156504
0.136534
-0.053102
0.039008
-0.188699
0.015410
0.017993
0.103521
0.048977
0.092346
0.000949
0.088447
-0.280714
-0.054873
-0.029718
-0.014862
-0.011288
0.091134
-0.198656
0.191558
-0.072257
0.201488
-0.064053
0.038082
-0.158045
0.070630
-0.064967
0.041029
-0.109121
0.044051
0.174365
-0.049014
0.022088
0.006838
0.096985
0.044703
0.027329
-0.049405
-0.030862
0.012714
-0.265298
0.021563
-0.022265
-0.346651
-0.078657
-0.014675
0.074282
-0.004737
-0.183092
-0.030555
-0.016437
-0.103707
0.019951
-0.014826
0.009521
0.008396
0.006576
-0.038672
0.238368
0.019168
0.199738
0.063432
-0.206388
-0.116747
0.001964
-0.021015
0.110763
-0.276527
0.075449
-0.004443
-0.000622
-0.149162
-0.119752
-0.105036
-0.046796
-0.079896
-0.161505
0.173995
-0.096844
0.018872
0.152936
0.177078
-0.212277
0.070622
0.004495
0.115901
0.138603
-0.018546
0.061263
0.229038
0.099423
0.059784
-0.038748
-0.134070
0.006552
0.021296
0.043744
0.013647
-0.140251
-0.003924
0.013101
0.083153
-0.005652
-0.153926
0.039242
0.043491
-0.155097
0.117026
-0.170779
0.098508
-0.307436
0.030197
-0.007689
-0.361612
-0.017373
-0.107607
-0.005505
-0.045981
0.028008
-0.145043
0.039052
0.201516
-0.072483
-0.009103
-0.217524
-0.204819
0.041970
0.251739
-0.048028
-0.163048
0.050045
-0.193177
-0.190815
0.100600
-0.054819
-0.021105
0.139308
0.000455
0.106669
-0.016197
0.033135
-0.019587
0.216286
-0.090290
0.069023
0.010845
-0.083423
0.132456
-0.093026
-0.312554
0.112403
0.095250
0.021988
0.096339
0.040552
0.001901
0.123097
-0.080681
-0.019071
0.001769
0.132510
0.033559
0.029985
-0.025795
-0.047747
0.080944
0.004307
-0.102753
0.019970
-0.051558
-0.016205
-0.286218
-0.298887
0.090777
0.378686
-0.333633
0.193900
0.051851
0.018278
-0.250150
-0.026682
-0.194609
-0.155889
0.009308
0.144633
0.070094
-0.057068
-0.130596
0.018373
0.062535
-0.045028
-0.000741
-0.255347
-0.086730
-0.242807
0.158306
-0.098215
0.030415
-0.353263
0.093153
0.204695
-0.002741
0.018744
0.094135
0.211033
0.147048
-0.135993
0.097141
-0.098802
0.042322
0.179960
-0.053957
-0.071819
-0.196620
-0.007685
0.185559
0.130518
0.107172
0.036655
-0.134618
0.031175
0.017000
0.121726
0.033973
-0.015615
-0.210374
0.001244
-0.020497
0.177636
-0.194740
-0.096778
-0.031413
-0.033495
-0.221954
0.108964
-0.135818
0.119145
-0.096011
-0.432657
0.129490
0.036774
0.093089
-0.132676
-0.007940
0.280067
0.012464
0.021879
-0.194767
0.093004
-0.148242
0.086106
0.091660
0.009957
-0.078706
-0.200820
0.031191
-0.098976
0.021584
0.171760
-0.192622
-0.062354
-0.001757
0.013658
0.241427
-0.053433
-0.086003
0.030430
-0.000900
-0.044335
-0.057535
0.024317
0.067282
0.059905
-0.063855
-0.181774
0.218355
-0.151270
-0.174663
-0.072552
0.077634
0.039084
-0.097265
0.069226
-0.302955
0.108969
0.242725
0.129432
-0.099615
-0.045614
-0.099752
0.032088
0.060148
0.048799
0.072701
-0.073376
0.063000
-0.078132
0.061054
0.111352
0.278364
-0.257161
0.005971
-0.071468
0.112871
-0.201096
-0.095880
0.143880
-0.133859
0.095393
-0.326945
-0.020610
0.057672
0.164701
0.102404
-0.002450
-0.054511
-0.099293
-0.284018
-0.150634
0.143700
-0.045806
0.134575
-0.115959
-0.046876
-0.067321
-0.093800
0.083637
-0.026958
-0.100706
0.140208
0.060060
0.294937
-0.132215
-0.178970
-0.099078
-0.142428
0.005653
-0.099803
-0.261816
0.182689
-0.255893
0.167610
-0.231391
-0.135704
-0.155516
-0.219246
0.106232
0.030611
-0.204774
0.115538
0.011689
-0.178715
-0.008247
-0.096379
-0.155125
-0.175903
-0.006661
-0.240773
0.072518
0.154239
-0.259553
0.094838
-0.024968
0.040767
0.049070
0.037619
0.004428
0.096557
-0.129727
0.058121
0.063088
-0.239929
0.267026
0.084800
0.132736
0.079918
0.019228
0.131223
-0.287113
-0.015426
-0.005287
-0.085707
-0.040812
0.139342
-0.322445
-0.152212
0.037703
0.055936
0.006268
-0.055426
-0.169766
-0.656297
0.017102
-0.126787
-0.064871
-0.077852
0.244142
-0.109876
0.075981
-0.013127
0.130551
-0.018706
0.114443
-0.054888
0.203962
0.064228
-0.114542
-0.003660
0.014154
-0.021098
-0.101089
-0.143156
-0.119207
-0.041166
-0.118932
0.002240
0.050647
0.047898
0.068141
0.151183
0.181427
0.199398
-0.064670
-0.201373
-0.041125
0.020794
-0.095415
0.128306
-0.013865
0.021364
0.046593
-0.076147
0.082207
-0.071764
0.001599
-0.138998
-0.170050
0.172706
0.078812
-0.193229
-0.025706
0.114033
-0.222762
-0.204461
0.060556
0.082159
0.113619
-0.169215
0.069428
0.111608
-0.060020
0.071421
-0.070113
-0.116193
-0.036706
-0.215708
-0.064166
0.104265
-0.254239
0.073177
-0.033410
0.077127
-0.329518
0.053030
0.118483
0.074421
-0.116285
0.119700
-0.074142
0.012469
0.015085
0.249667
-0.072827
-0.032758
0.019022
-0.302942
0.088537
0.119502
0.091644
-0.324364
-0.048629
0.038430
-0.032619
-0.095489
-0.040967
0.182628
0.233864
0.097062
-0.082850
0.117023
-0.096008
-0.018835
0.131653
0.073797
-0.017849
0.071492
0.059265
0.026689
-0.020088
-0.098226
-0.299884
-0.020409
-0.151153
0.057700
0.021120
-0.097108
-0.306131
0.111998
-0.199962
0.028322
-0.113679
-0.077632
0.061364
0.098273
0.219662
0.057339
-0.239421
-0.183508
0.074877
0.009824
0.038743
0.281194
-0.036344
-0.181066
0.071808
-0.249963
0.021211
0.173149
0.015887
-0.031850
-0.157518
-0.187488
-0.032832
-0.172707
0.092039
-0.083242
-0.084893
0.021750
-0.302658
0.007089
-0.106722
0.122627
-0.259287
-0.006141
0.054255
0.080019
-0.035378
-0.064159
0.061161
-0.235974
0.096665
0.161821
0.102494
-0.219037
0.004307
0.089527
-0.054914
-0.067695
0.179104
0.068939
-0.279282
0.146084
-0.136594
-0.046174
-0.246827
0.000581
-0.174144
-0.748697
0.090721
0.086477
0.044643
0.035253
0.129567
-0.065956
0.023356
-0.005083
0.095122
0.057884
0.029055
0.120165
0.030528
0.034047
0.071023
0.002691
0.071820
0.082419
0.023989
-0.032956
0.016615
-0.186753
0.110129
0.053553
0.015339
-0.109656
-0.046988
-0.110449
-0.373497
-0.230871
0.186674
