0.260469
0.239105
0.125358
0.279781
0.167915
0.108934
-0.097363
0.041081
0.203428
0.115939
-0.890796
-0.043621
-0.081576
-0.522346
0.210593
-0.137796
0.167719
0.134670
0.060666
-1.491769
0.174558
-0.719700
0.131162
0.323643
0.063629
0.078611
0.232294
0.239238
0.032725
0.197255
0.181788
-0.345277
0.220090
0.051613
0.042251
0.140386
0.116886
0.134568
-0.719653
0.318277
0.060496
0.074123
0.162791
0.125279
0.171173
0.076941
0.095204
0.157928
-0.013178
0.167163
0.084958
0.374149
-0.334187
0.151504
-0.098964
0.142796
0.262655
-0.015401
0.244263
0.109243
-0.004281
0.100031
0.078275
0.149168
0.115482
0.147085
0.084577
0.051179
0.117787
-0.128292
0.189939
0.127199
0.180750
0.069173
0.092221
0.081519
0.097509
-0.055316
0.077754
0.116382
0.112460
0.054990
-0.334758
-0.044099
0.100515
0.209356
0.222918
0.114416
0.099726
0.194223
0.173151
0.035440
0.088705
0.180223
0.147517
0.065801
0.082162
0.042164
0.228135
-0.044404
0.220349
-0.059450
0.059098
-0.209953
0.179985
0.066466
0.093862
0.169795
0.129755
0.004911
0.070595
-0.257087
0.102391
-0.579466
-0.970652
0.119251
0.114188
-0.533592
-0.328961
0.038616
0.160193
-0.176114
-0.067770
0.102474
-0.332967
0.108126
0.019830
0.243016
-0.012492
0.276091
0.061402
-0.079378
0.039437
-2.266425
-0.015058
0.089428
0.162707
-0.718822
0.112288
0.113588
0.105320
0.078949
0.098765
0.162441
-1.399307
0.031801
0.130487
0.212798
0.144903
0.104640
0.037018
-0.367617
0.220763
0.240757
0.136661
0.093246
0.117251
0.121941
-1.912755
0.254082
0.102656
0.159740
0.110235
0.098469
0.074052
0.089729
0.151330
0.151369
0.028532
-0.114685
0.057570
0.204814
0.085756
-0.803789
0.240789
0.039784
0.079306
0.181291
-0.327427
0.164273
0.086398
-0.082651
0.031242
-0.575748
0.135188
-0.606681
0.157229
0.196141
-0.201934
0.012322
-0.132745
0.064838
-0.110997
0.125648
-0.071764
0.058767
0.112499
0.146815
0.194703
0.133092
0.189415
0.087499
0.094327
0.062394
0.114199
-0.053168
0.060031
-1.075916
0.116465
0.086830
0.150955
0.110406
0.142507
0.077983
0.106578
0.206417
0.111942
0.194069
-0.046245
-0.080749
0.048717
0.061087
0.011814
0.060263
-0.051766
-0.013195
0.144007
0.160004
0.126216
0.188954
-0.045002
0.170614
0.126715
-0.313466
0.129291
0.150240
0.081908
0.349124
0.199292
-0.144553
-0.086362
0.309482
0.127883
0.021456
0.146186
-0.178147
0.143530
0.073104
0.146525
-0.767200
0.314851
0.363943
0.165437
0.058916
-0.059681
-0.507540
-1.403038
-0.592935
0.154553
0.261265
0.064454
-0.733513
-0.052576
0.162019
0.149387
0.156810
0.146286
0.234496
0.128297
0.109240
-0.222708
-0.077869
0.117169
0.061087
0.212950
0.137420
0.095660
-0.093737
0.108297
0.198624
0.100831
0.141394
0.068971
-0.995489
-0.044507
0.095462
0.038977
0.169012
-0.302646
0.326998
0.166071
-0.141728
0.092883
0.101277
0.073588
0.092655
0.110904
0.044215
0.153699
-0.061554
0.185558
0.028106
-0.190456
0.129962
0.133800
0.183912
0.177913
-0.296683
0.042054
0.113808
0.219497
0.106313
0.251697
0.086067
0.129898
0.164151
0.130887
0.154668
0.095987
0.090923
0.224192
0.309091
0.109327
0.064269
-0.167518
-0.893246
0.225652
0.206345
0.179942
0.123706
0.139478
0.183198
0.011528
0.092126
-0.038758
-0.208006
0.085650
0.120552
0.087110
0.156746
-1.628335
-0.438637
0.018512
0.062299
0.110085
-0.170494
0.042530
0.110864
0.052859
0.162948
-0.057420
0.138490
0.209956
0.085786
0.097739
0.081516
0.136263
0.061939
-0.666942
0.211732
0.215066
0.142327
0.008345
0.100750
0.058362
0.104087
0.290505
0.000965
0.145908
-0.247922
0.176066
0.206375
0.138481
0.169809
0.104420
0.110200
-0.220542
-0.002045
0.144480
0.202667
0.288665
0.124640
0.172291
-0.603758
0.042001
0.113399
0.186022
0.167307
-0.017283
0.087487
-1.332442
0.058936
-0.343924
-0.221294
-0.370637
0.015564
0.023051
-0.501468
0.142708
0.188903
0.152456
0.140060
0.190248
0.070838
0.149221
0.094857
-0.290837
0.098298
0.101659
0.062812
0.164417
0.065253
0.151946
0.099081
0.113253
0.049455
0.017212
-0.399322
-0.371370
0.073153
0.249828
-0.190942
0.247827
0.129123
0.119459
0.052802
0.287225
0.165097
0.125811
0.199028
-0.134337
0.141084
-0.017496
0.103636
0.047198
0.097251
0.144784
0.142226
0.176896
-1.048429
0.088930
-0.447784
-1.540798
0.168013
-0.133822
0.135408
0.086345
0.136056
0.161942
0.159270
-1.099951
0.054824
0.111746
-0.245410
0.245846
-0.377233
-0.472041
0.099664
0.188594
0.184188
0.145005
0.064661
0.096799
0.036386
-0.006929
0.099650
0.023775
0.104202
-0.372081
0.029349
-0.207686
-0.155538
-0.954031
0.050515
0.032167
-0.580282
0.245049
-0.391170
0.164675
0.132250
0.148452
0.030340
0.066349
-0.012218
0.288931
0.083643
0.241696
0.119284
-0.043481
0.159689
0.190501
0.217234
0.116452
0.108803
0.122722
0.122658
-0.444998
0.182559
0.118239
0.106272
0.122443
-1.457419
0.132930
0.112378
0.046847
0.062082
0.180980
0.129286
-0.215108
0.070811
0.167883
0.114296
0.079775
0.042389
-0.336526
0.094862
0.115256
-0.138891
-0.762670
0.127714
0.070517
0.100770
0.249072
0.226735
0.202749
-0.695613
-0.471348
0.154651
0.036766
0.103556
0.195142
0.139049
-0.330515
0.238957
0.212212
0.075734
0.157296
0.037320
0.089633
0.020517
0.080715
0.167570
0.183224
0.225048
-0.877274
0.149962
0.152437
0.016417
0.224957
0.046778
0.086655
0.007431
0.138359
0.155568
0.089236
0.232460
-1.841031
0.182609
0.140327
0.072878
0.106669
-0.103049
0.193902
0.190946
0.136752
0.215425
0.153653
0.120592
0.000708
0.097537
0.142626
-0.003954
-0.197679
0.104537
0.220460
0.204112
0.019296
0.187813
0.185484
0.062186
-1.089062
0.070301
0.052114
-0.546988
0.049975
0.139363
0.115067
0.108472
-0.178120
-0.024476
0.089415
-0.030433
0.007334
-1.046304
-0.383995
0.025298
0.217101
-0.411600
0.098377
-0.597396
0.176378
0.087838
-0.593271
0.222566
-0.083724
0.178519
0.176186
0.105557
0.139226
0.029118
0.045451
0.196615
0.109377
-0.284310
-0.155869
0.218404
0.198042
0.116943
0.115628
0.047842
0.048752
0.098475
0.183036
0.122853
-0.502447
0.111077
-0.650927
0.367101
0.181124
0.161166
-0.631727
-0.906923
0.171528
0.061910
0.191109
0.202297
0.112518
0.289878
0.061912
-1.356659
0.142333
0.192876
0.118805
-0.281477
0.027545
0.185205
0.220577
-0.177551
-0.158621
0.045211
-0.265348
0.100177
0.054462
0.029079
0.112686
0.197310
0.244754
0.079520
0.259127
0.158039
0.091839
0.151677
0.043292
0.106974
0.277701
0.078455
-0.256603
0.192490
0.061940
0.265674
0.100304
0.083179
0.020462
0.140627
0.151632
0.124927
0.214153
0.105865
0.145809
0.137472
0.038295
0.149204
0.120190
0.063714
-1.462650
0.243338
0.320930
0.343787
0.065014
0.083561
0.237483
0.189452
0.255162
0.138391
0.092525
0.076006
0.250403
-0.878701
0.079475
0.171428
0.184698
-0.898150
0.160812
-1.321122
0.209160
0.083025
0.125373
0.077762
-0.594905
0.122320
0.074764
-0.276949
0.061214
0.121347
-0.027728
0.054083
0.143645
0.156175
0.147557
0.112191
0.152866
0.214502
0.009697
0.170343
0.126640
0.114598
0.136065
-0.341446
0.159577
0.238642
0.320854
0.208363
0.086884
0.078731
-0.704374
0.142186
-0.266617
0.071376
0.081730
-2.470235
0.112018
0.061306
0.154288
0.066569
-0.232566
0.111950
0.161001
0.090538
0.060059
-0.642717
-0.132111
-0.864788
-0.529963
-0.535512
0.083532
-1.566599
0.096083
0.136700
-1.521442
0.059160
0.015741
0.115341
0.073456
0.194976
0.173837
0.188797
0.180229
0.095134
0.044396
0.203338
0.088907
-0.108780
-0.582760
0.193034
0.195494
0.126700
0.200594
0.109083
0.259275
-0.124950
-0.098779
0.213104
0.130187
0.173468
0.289087
-0.131666
0.093740
0.077438
0.053138
-0.229184
0.127323
0.037174
0.055555
0.166200
0.095569
-0.000357
0.156179
0.146995
0.078325
0.289826
0.049877
0.094576
0.173255
0.181244
0.062670
0.148193
0.220089
0.171138
0.119577
0.108905
0.062497
0.140985
-0.246771
-0.136466
0.091413
-0.086246
0.197760
0.152689
0.173434
0.206553
0.145311
0.262089
0.221822
0.101444
-0.069374
0.105759
0.110500
0.098811
0.176809
0.199386
0.148337
0.106738
0.073593
0.120867
0.142743
0.063721
0.185193
-0.124639
0.140080
-0.019502
0.108607
0.075450
0.272146
0.053099
0.062703
-0.358941
0.162832
-0.283237
0.089819
0.058036
0.125083
0.113965
0.218171
0.088396
0.090766
0.064911
0.074158
0.130304
0.176590
-0.202431
0.096180
0.132943
0.126614
0.053698
0.106557
0.158373
-0.390605
-2.308310
0.222631
-0.010290
0.177224
0.275707
0.130855
0.042399
0.155712
0.122930
0.150955
0.101460
0.142809
-0.879328
-1.306767
0.200952
0.063975
0.065397
0.094166
0.224738
0.245949
0.191014
0.125832
0.121714
0.259337
0.018667
0.103503
0.149199
0.215241
0.124900
0.220171
0.094425
0.149413
0.144185
0.075534
0.050874
0.132193
0.074769
0.043860
0.081926
-0.129511
-0.081469
0.137253
0.000949
0.108735
0.080099
0.165158
0.101316
-0.085280
0.296598
0.117937
0.108031
-0.872646
0.156597
0.174474
0.138022
0.392019
0.123746
0.155572
0.216785
0.123361
0.122750
0.091581
0.199393
0.139060
0.088851
0.061486
0.263111
-0.347871
0.058761
-0.074276
0.198704
0.083514
0.120594
0.020472
0.079720
0.124721
0.084868
0.134245
0.059323
0.205032
0.192823
-0.984743
0.157055
0.091139
0.193527
0.269231
0.188107
-0.726007
0.031552
-0.926980
0.064513
-0.128108
0.349820
0.124847
0.112967
0.190892
0.087472
0.174490
0.117689
0.107714
0.135940
-0.594583
0.079799
0.126093
0.169119
0.266882
-0.163355
0.052883
0.051709
0.119175
0.190378
0.051459
0.247386
0.131626
0.208063
-0.849955
0.138069
0.037963
-0.049085
0.033335
0.205413
0.062714
0.084015
-0.009524
0.158863
-1.414397
0.187651
0.047010
0.065094
-0.011451
-0.138652
-0.185538
0.111703
