0.080899
0.156528
-0.110389
0.163237
-0.031849
0.091408
-0.013664
0.149114
-0.028889
-0.126320
0.016057
-0.075860
0.037308
0.176463
-0.022098
-0.070070
0.125252
-0.028954
0.011913
-0.065873
-0.005581
-0.586870
-0.008950
0.084072
-0.022920
-0.056856
0.186732
0.208275
0.170069
0.026870
-0.174386
-0.178084
0.032458
0.058986
0.043382
-0.091914
0.021905
-0.040332
-0.187217
0.187826
0.054065
0.011463
-0.036411
0.097602
0.137225
-0.084707
-0.021601
0.176591
0.019120
0.111738
-0.094303
0.407849
-0.521752
-0.234713
-0.093937
0.187385
0.183163
0.097196
0.243774
0.149885
0.065502
-0.371224
-0.088736
-0.103381
0.113164
0.233811
-0.110125
-0.038710
0.045376
-0.197352
0.218835
0.007711
0.114113
-0.024852
0.174081
0.123642
-0.263080
0.135486
0.011108
-0.205224
0.150073
-0.180202
-0.182629
0.021851
0.135739
0.085643
0.110799
-0.148600
0.147216
0.019850
0.116884
-0.090798
0.137253
0.104862
-0.004227
-0.071682
-0.009806
0.152773
0.102618
-0.022990
0.344548
0.007361
-0.006112
-0.016288
0.100819
-0.083003
0.131196
0.085582
0.016919
-0.819982
0.019471
-0.167833
0.003748
-0.515602
-0.186470
0.047330
0.031897
-0.079685
0.021411
0.139743
0.062238
0.053130
-0.262828
-0.024171
0.200424
-0.331780
0.104324
0.164759
-0.066443
-0.018830
0.054125
-0.103672
-0.222084
-0.130432
0.113254
0.027288
0.216016
-0.518900
0.292317
0.139390
0.026852
0.110333
0.044645
0.014954
-0.184347
0.001703
0.128683
0.153821
0.159260
-0.065660
0.072651
-0.225851
0.073032
-0.017096
-0.041266
0.050307
0.246928
0.061420
-0.177508
-0.031810
-0.232844
0.015323
0.046449
-0.024030
0.079760
0.053981
-0.128413
-0.049258
0.075434
-0.047898
0.128980
0.163215
0.105456
-0.197912
0.088593
-0.185775
0.105838
0.097025
-0.253531
-0.067202
0.067142
-0.199693
-0.045781
-0.136006
-0.064260
-0.205718
0.079694
0.231652
0.049172
0.109287
0.058161
-0.211768
-0.052068
0.124153
0.013564
0.027622
0.107664
-0.143876
0.068509
0.029076
0.008368
-0.023181
-0.066237
-0.144762
-0.076722
-0.217499
-0.425256
-0.242898
0.081266
0.169555
0.010116
-0.035508
-0.535628
-0.002036
0.210393
-0.180471
-0.137580
0.101409
0.056000
-0.231250
0.165820
0.146795
-0.001522
0.202197
0.102439
-0.050695
0.116743
-0.114562
-0.024241
0.151856
-0.508709
-0.045047
-0.121066
-0.561699
0.023260
-0.151121
-0.141827
0.240294
0.109403
0.238811
0.114913
0.361620
0.039548
-0.248987
0.190556
0.155941
0.042304
-0.264459
0.066293
-0.290274
0.163937
-0.314343
-0.089440
0.062851
-0.231014
-0.224726
-0.301661
-0.877833
0.050557
0.197978
0.226895
-0.256825
-0.044494
-0.314833
-0.283202
0.038177
-0.104847
-0.296035
0.041523
0.084986
-0.013470
0.233822
-0.036477
0.069876
-0.114283
0.101050
0.091368
-0.071557
0.112732
0.194027
-0.223434
-0.247686
-0.067714
-0.291433
0.093322
0.090494
0.047102
0.171288
-0.076907
0.208209
0.129214
0.071035
-0.048789
0.005088
-0.208743
0.094725
0.017660
-0.132390
0.068833
-0.286288
-0.214126
-0.170743
0.072059
0.170615
0.398617
0.123821
0.076862
-0.111234
0.088426
-0.083352
0.022832
0.151458
0.400554
-0.027294
0.016109
0.058639
0.261250
0.123349
0.061907
0.061651
-0.031850
0.169648
0.214735
0.158681
-0.134930
0.026965
0.077413
0.129658
0.145872
-0.201799
0.162759
0.109628
0.074670
-0.093425
-0.372447
0.082245
0.196488
0.199295
0.030268
0.076699
-1.055325
-0.026007
-0.275058
-0.123687
0.210511
0.170087
0.011365
-0.153128
-0.098524
0.166025
-0.006319
0.122237
0.091785
0.029114
0.011151
0.090291
0.022309
0.111177
-0.208259
-0.057304
-0.213160
0.185436
-0.093010
-0.013769
-0.265331
-0.245844
0.156260
0.110600
0.289857
0.046850
0.003811
0.019038
0.016244
0.168850
-0.046917
-0.088507
-0.081278
0.138657
-0.164673
-0.085496
0.134506
-0.271455
-0.000443
-0.003334
-0.200315
0.151911
0.111206
-0.109634
0.014002
0.107312
-0.138084
0.003273
-0.117022
0.012834
-0.486871
0.096623
0.015843
0.025610
0.022360
0.188605
0.073410
0.118358
0.244774
0.089820
0.057734
-0.133562
-0.206047
0.120596
0.127374
0.076244
0.042786
0.053976
0.121551
-0.025421
-0.107745
-0.031555
0.016616
0.052241
0.123918
-0.108000
0.329149
-0.101651
0.113008
-0.175374
0.110610
-0.138772
0.204573
0.075733
0.145313
-0.243386
-0.049157
0.232473
0.141867
0.006708
0.094880
-0.016948
0.147092
-0.000812
0.075116
-0.073029
-0.017847
-0.579171
0.069437
0.002361
-0.396338
0.177081
0.086989
0.051476
0.119574
0.034706
-0.106387
-0.085890
-0.113325
0.040324
-0.041819
0.033965
0.064015
-0.116967
0.088378
0.257784
0.133294
0.129251
-0.152888
0.144420
-0.203621
-0.061771
0.063540
0.106625
-0.256180
0.106422
-0.008878
0.037299
-0.188686
-0.019788
0.098261
-0.075378
-0.107546
-0.314071
0.268861
-0.005472
0.031762
0.116676
0.161829
-0.133142
0.298187
0.039954
0.131162
0.020536
0.080949
0.265874
0.268740
0.018745
-0.113638
0.106602
-0.104275
0.182035
0.022308
-0.019746
-0.101630
-0.161696
-0.245804
-0.143823
0.076405
-0.032250
-0.153350
-0.078186
-0.007722
0.031658
0.003199
-0.447676
0.042343
-0.354576
0.065109
0.068636
-0.340743
0.088594
-0.114489
-0.045211
-0.026182
0.096732
-0.062427
-0.061575
0.217281
-0.021236
-0.021956
-0.408149
-0.233944
-0.081023
0.104727
-0.004709
-0.129832
0.148723
-0.175945
-0.114072
0.175129
-0.086384
-0.027287
0.240431
-0.168999
0.212532
-0.136537
0.079852
0.027302
0.198344
-0.283495
0.096338
0.079182
-0.199833
0.149231
0.004054
-0.382943
-0.046514
0.006555
0.028273
0.107085
0.230426
-0.180911
0.170659
-0.020803
-0.072684
-0.105794
0.091418
-0.054326
0.026777
0.070804
-0.146622
0.011764
-0.162148
0.005252
0.026676
0.019848
0.071326
-0.354344
-0.018716
0.089120
0.435379
-0.500218
0.118218
0.064134
0.081044
-0.273291
0.014342
-0.692758
-0.258112
-0.012299
0.159411
0.139148
0.004446
-0.234365
0.067015
0.103922
0.066567
0.040832
-0.363434
-0.102907
-0.084064
0.133214
-0.254321
0.190079
-0.539545
0.117087
-0.009432
-0.013565
0.067125
0.068812
0.325061
0.096269
-0.183333
0.169962
0.088216
0.047528
0.295338
0.007179
-0.111399
-0.277966
-0.143415
0.129547
0.153450
0.046127
0.065513
-0.118763
0.142635
0.038766
-0.012556
-0.138775
-0.147410
-0.238146
0.018740
0.104247
0.150679
0.042803
0.022240
-0.185132
0.133680
-0.422021
0.226200
-0.229706
0.143525
0.116106
-0.375637
0.048146
0.054464
0.045056
-0.092256
0.023228
0.117529
0.140885
0.036351
-0.343562
0.081969
-0.593639
0.193691
0.089066
0.208338
-0.061256
-0.188342
0.063799
-0.237095
0.118949
0.204811
0.048337
-0.124637
0.051780
0.029936
0.042207
0.011198
-0.070604
0.079797
-0.044169
0.205105
-0.021726
0.089164
0.017121
-0.033564
-0.054518
-0.423540
0.155718
0.048047
-0.370806
-0.001778
0.137701
0.097834
-0.045244
0.116125
-0.199129
0.044819
0.420207
0.208688
-0.007695
-0.021750
-0.026859
0.160870
0.121539
0.104597
0.132000
-0.011588
0.079189
-0.119211
0.040423
0.004514
0.229028
-0.452581
-0.164261
0.082245
0.153227
-0.457381
-0.143455
0.159257
-0.181408
0.088732
-0.395127
-0.012436
0.151206
0.203674
-0.025113
0.072997
-0.054779
0.083198
-0.423139
-0.042212
0.159645
-0.083804
0.098080
-0.047684
0.101556
-0.075739
-0.046477
0.223539
0.019747
0.194714
0.131248
-0.034397
0.100950
-0.110797
-0.176017
0.037321
0.198980
0.003181
-0.206716
-0.395845
0.121325
-0.578016
0.189569
-0.135870
0.122014
-0.200778
-0.160909
0.103622
0.140580
0.043076
0.041868
0.132056
-0.288376
0.017758
0.028462
0.005183
-0.120340
0.047190
0.283925
0.109199
0.171707
-0.275448
-0.034837
-0.164379
0.045610
0.115309
0.058244
-0.144045
-0.012153
-0.030303
0.096729
0.101688
-0.542497
0.324200
0.102755
0.112672
0.075547
0.048620
0.123067
-0.119049
0.096270
0.014178
0.027316
0.062361
0.123920
-0.493250
-0.289218
0.042210
0.046571
-0.050092
0.094623
-0.279447
-0.998336
-0.043607
-0.104093
0.009874
-0.154696
0.120670
-0.230766
0.062892
0.052691
0.074683
0.092199
0.054307
-0.042085
0.274744
0.140098
-0.126955
0.125245
-0.099157
-0.060132
-0.162411
-0.198798
-0.550835
-0.129603
-0.077780
0.044854
0.218719
0.003006
0.099679
0.112747
-0.025024
0.225776
-0.053506
-0.297499
-0.037182
0.068964
-0.108921
0.054779
-0.093880
0.084333
0.066073
-0.055338
0.059832
-0.151339
0.062398
-0.052506
-0.178210
0.233435
0.096822
0.068623
-0.239547
0.092900
-0.140051
0.042939
0.075622
0.098448
0.027735
-0.252379
0.095287
0.067270
0.010017
0.235874
-0.052951
-0.002387
0.054047
-0.463901
-0.044480
0.072457
-0.229406
0.089782
0.058064
0.103109
-0.274186
0.007438
0.089219
0.087362
-0.219243
0.064885
-0.065569
0.054047
0.152956
0.047176
-0.097545
0.048550
0.161166
-0.330217
0.088144
0.117900
0.071887
-0.584030
0.010115
0.045914
0.018460
-0.180172
-0.076005
0.195596
0.133391
0.151004
-0.063123
0.096847
0.014462
0.030272
-0.006781
0.090720
0.078550
0.060256
0.029146
0.084287
-0.056466
-0.145603
-0.476254
0.053646
-0.095956
0.016874
0.112770
-0.000191
-0.222455
0.124331
-0.076957
0.108289
-0.112220
-0.074152
0.019783
0.048843
0.243684
0.140904
-0.149232
-0.020257
0.033375
0.055911
-0.012574
0.220755
0.047373
-0.059451
0.218772
-0.132952
0.081225
0.154130
0.067510
0.032765
0.077018
-0.245703
0.143913
-0.145065
0.033316
-0.206379
-0.101887
-0.022730
-0.436553
0.144229
-0.120296
0.158339
-0.173022
0.093572
-0.229049
0.093355
0.087193
0.003262
-0.002795
-0.159608
0.087053
0.208985
-0.008988
-0.445747
-0.047695
-0.077698
-0.163644
0.004330
0.084740
-0.006041
-0.419395
0.099873
-0.011578
-0.226331
-0.275139
-0.045172
-0.310265
-1.497545
0.053374
0.083292
-0.001382
0.070044
0.052836
-0.135289
-0.066836
-0.089776
0.073445
-0.187822
0.061913
0.068573
0.089530
0.166949
-0.185866
-0.046214
-0.041560
0.037113
-0.016970
0.022515
0.044516
-0.259577
0.253835
-0.043925
-0.002447
-0.045613
-0.072106
-0.196087
-0.495068
-0.464233
0.132666
