-0.003803
0.155945
-0.038148
0.196949
0.060241
0.062863
0.157753
0.205575
0.091358
0.043902
0.028886
-0.056480
-0.059331
0.164893
0.130828
-0.172156
0.098300
0.127484
-0.077071
-0.106436
0.047001
-0.250728
0.092029
0.066630
-0.054193
0.066267
0.172212
0.076018
0.115190
0.044025
-0.138847
-0.217835
0.054634
0.042350
-0.059791
0.063525
0.131367
0.096056
0.212834
0.210791
0.081967
-0.119575
0.005732
0.119788
0.157417
0.001560
0.010323
0.116975
0.062691
0.260490
0.033844
0.345617
-0.264386
-0.146956
-0.135949
0.027063
0.133860
0.213202
0.377717
0.227652
0.142674
-0.353368
-0.097091
-0.136938
-0.082713
0.147873
-0.105241
-0.048683
-0.024289
0.035157
0.096755
-0.217425
0.111052
0.080893
0.172012
0.119309
0.051744
0.096542
0.060972
0.122954
0.197626
-0.183089
-0.051543
-0.023860
0.119772
0.139081
0.054353
-0.155864
0.217173
0.069613
0.090552
0.087989
-0.105751
0.147141
0.044151
-0.091875
0.004484
0.162613
0.205535
-0.003648
0.089274
-0.070555
-0.168253
0.134810
0.109124
-0.141026
0.146713
0.112418
0.158798
-0.581070
-0.065614
-0.130394
0.061577
-0.068405
0.113357
0.109249
0.107722
-0.104108
-0.085653
0.125651
0.155451
-0.014844
0.018707
-0.022278
0.116614
-0.361100
0.000588
0.159416
-0.179177
0.134470
0.139561
-0.094135
-0.002909
-0.055080
0.083409
0.135772
0.086869
-0.255340
0.234288
0.112319
0.010887
0.024387
0.065530
-0.031759
-0.100759
-0.039072
0.181920
0.174029
0.091534
-0.179216
0.027650
-0.086144
0.135099
-0.012315
-0.144389
0.057728
0.259301
0.053507
-0.572130
-0.021722
0.124703
-0.201662
-0.019836
0.037508
-0.253290
-0.185031
0.097384
0.010203
0.055231
-0.084630
0.112903
0.166531
0.085009
-0.118133
0.217100
-0.191825
0.094997
0.093567
-0.217216
-0.012611
0.128499
-0.107482
-0.053416
-0.086067
0.014863
-0.327747
0.145588
0.251949
0.043575
0.213239
0.056606
-0.089831
0.027863
0.040409
0.001216
0.158821
0.249596
-0.016435
0.087640
0.123608
-0.089735
-0.281222
-0.048369
-0.052545
-0.075324
-0.155991
-0.310293
-0.121143
0.078677
0.024503
0.179291
0.072995
-0.197864
-0.048648
0.217588
-0.066911
-0.583387
0.106058
0.050944
-0.243828
0.117863
-0.005840
0.044714
0.079821
-0.032902
0.016952
-0.011229
-0.147698
0.059133
0.179456
-0.304075
0.201642
-0.130168
-0.070666
-0.113259
-0.005922
-0.246184
0.260215
0.160937
0.191325
0.032911
0.388465
0.058381
-0.076826
0.029225
0.139975
0.158224
0.007792
0.196373
-0.121992
0.216524
-0.189396
0.105542
0.084823
-0.199193
-0.330122
-0.152624
-0.755242
0.078845
0.111812
0.205429
0.038499
-0.218584
-0.247332
-0.197933
0.126261
0.039770
-0.013415
0.107064
0.074333
0.033869
0.254945
0.051196
0.039645
-0.031484
0.029563
0.101323
0.080467
0.160401
0.177738
-0.034098
0.084270
-0.103192
-0.093672
0.102845
0.033908
-0.095943
0.092856
-0.261635
0.187850
0.299338
0.157965
-0.087245
0.202881
-0.259794
0.111984
-0.103247
-0.132286
0.088661
-0.098919
-0.153742
-0.118841
-0.033111
0.181644
0.152634
0.246110
0.179246
-0.113733
-0.020338
-0.258332
-0.043056
0.130965
0.347832
-0.096417
0.079385
0.055365
0.197557
0.164407
-0.216916
-0.266707
0.155846
0.325441
-0.048619
0.025034
-0.184259
-0.022801
0.122969
0.148582
0.199891
-0.175846
0.105861
0.092493
0.118552
-0.229998
-0.319286
0.153078
0.179332
0.071576
0.119528
0.021499
-0.084853
0.076965
-0.214787
0.006106
0.175993
0.048098
0.051605
0.081693
0.058824
0.063470
-0.110400
0.205176
0.118078
0.058754
-0.088953
0.061212
0.105610
-0.103962
-0.542753
0.139305
-0.239919
0.273668
0.108643
0.002281
-0.236008
-0.144742
0.096457
0.063556
0.254946
0.065097
-0.076357
-0.019954
-0.039292
0.145628
0.124916
-0.076564
-0.040126
0.085528
-0.085698
-0.058395
0.140675
0.022233
0.155731
-0.146204
-0.302958
0.089333
0.121714
-0.123019
-0.000891
0.167895
-0.047328
-0.214148
-0.156142
0.050111
-0.370338
0.103724
-0.038067
0.036301
0.028870
0.279135
-0.020772
0.159730
0.107544
-0.063557
0.105647
-0.186790
-0.096350
0.127436
-0.108301
0.140670
0.123079
-0.015264
0.204117
-0.244772
0.095080
-0.092647
0.127527
0.005365
0.096464
-0.185108
0.102031
-0.033861
0.236208
0.040420
0.098912
-0.099885
0.088886
-0.067858
0.268713
-0.196528
-0.002033
0.237821
0.185829
0.015734
0.062064
0.072376
0.127683
0.032377
-0.063831
0.071529
-0.112116
-0.193768
0.105242
0.075183
-0.317333
-0.048289
0.093457
0.031710
0.002225
-0.247081
-0.097420
0.103586
-0.186786
-0.014151
0.207205
0.125206
0.063919
0.065954
0.043762
0.228669
0.134075
0.195446
0.111844
-0.279621
-0.252078
0.114781
-0.049069
0.129599
-0.447102
0.147974
0.106095
0.113371
-0.249047
-0.035884
-0.050424
-0.073098
-0.015912
-0.396923
0.400242
-0.118643
0.048902
0.135237
0.238305
-0.296723
0.110576
0.065005
0.165145
0.156906
-0.052417
-0.121271
0.302382
-0.064564
0.115994
-0.025950
-0.088077
-0.012594
0.013748
0.052941
0.051354
0.025282
-0.340991
-0.094462
0.052468
0.113303
-0.254067
0.073729
0.024365
0.004237
0.104883
-0.056778
0.117849
0.016232
0.134698
0.035120
-0.164180
0.087035
-0.037363
0.068419
0.039759
0.070994
-0.129939
0.109449
0.045292
0.110327
0.006958
-0.143667
-0.102303
-0.063429
0.116763
0.059466
-0.173506
0.048028
-0.061911
-0.077772
0.198430
-0.069138
-0.001213
0.162361
-0.090915
0.245925
0.082501
-0.030751
0.037701
0.183570
-0.180692
0.202713
0.044788
0.045376
0.062256
0.122759
-0.276874
0.060905
0.097784
-0.017411
0.141919
0.177870
-0.282654
0.108104
-0.047551
0.018186
0.027742
0.155316
-0.087286
0.071320
0.153639
-0.125358
0.158237
0.103875
-0.099806
-0.044369
0.052410
-0.052286
-0.406600
-0.299087
0.190690
0.371469
-0.166683
0.149147
0.096366
0.135255
-0.257737
-0.070780
-0.225286
-0.165634
0.011732
0.328202
0.073334
0.096683
0.046680
0.114085
0.117568
-0.060115
-0.022558
-0.272996
0.035489
-0.152018
0.183361
-0.201099
0.081730
-0.366062
0.169920
0.059993
-0.002897
-0.046660
0.074796
0.456349
0.221061
0.012160
0.129393
0.009639
0.069482
0.198858
0.180890
-0.098915
-0.262023
-0.087990
0.136527
0.088373
-0.014875
0.102244
-0.138324
0.138925
0.224609
0.062613
-0.026444
0.102170
-0.179353
-0.027294
-0.068609
0.205687
-0.078471
-0.168705
0.087670
0.177686
-0.091249
0.221703
-0.150203
0.133022
-0.117997
-0.789230
0.095449
-0.022544
0.136105
-0.126660
-0.018264
0.192532
0.266986
0.206776
-0.375488
0.127606
-0.039892
0.237156
0.136038
0.198655
-0.176482
-0.382737
0.091046
-0.160827
-0.007955
0.194617
-0.177022
-0.003357
-0.018427
0.081686
0.049699
0.070894
-0.083229
0.151431
0.060227
0.179685
-0.223586
0.131304
0.131204
0.165418
-0.104780
-0.392077
0.229716
-0.165942
-0.223940
0.047756
0.128336
0.086563
0.026849
0.143482
-0.215233
0.062871
0.361458
0.269783
0.132791
-0.011128
-0.072199
-0.009209
0.029959
0.095084
0.150441
-0.070681
0.092612
-0.071146
0.036773
0.037476
0.243942
-0.259972
-0.051018
-0.370047
0.232635
-0.200824
-0.169653
0.116724
0.026177
0.150511
-0.466122
-0.054279
0.121909
0.135788
0.167544
-0.088197
-0.165638
0.101532
-0.378058
-0.130344
0.213526
0.008567
0.140854
-0.250424
0.163696
-0.132452
-0.178651
0.087972
0.051973
-0.128881
0.058027
0.137451
0.248240
-0.153084
-0.128621
0.088359
0.099604
-0.020256
-0.100954
-0.198351
0.059724
-0.303193
0.167515
-0.080708
-0.002134
-0.332787
-0.183840
0.058128
0.180280
-0.035957
0.227486
-0.164549
-0.381933
-0.076375
0.039511
0.093498
-0.051915
0.137379
-0.136556
0.100011
0.146459
-0.126640
0.144214
-0.054907
0.168075
0.029327
0.034192
0.028172
-0.054359
0.109823
0.035483
0.018958
-0.348111
0.281303
0.104802
0.205140
0.118967
0.073846
0.117398
-0.146407
0.017656
-0.003808
0.094208
-0.019446
0.223331
-0.329859
-0.216815
0.118746
0.050044
-0.056910
0.000404
-0.215096
-0.780710
-0.044251
0.039676
-0.288035
0.006904
0.210806
-0.135083
0.111324
-0.007005
0.110671
-0.086028
-0.065503
-0.064858
0.327071
0.093159
-0.055321
0.228548
-0.056822
0.080513
-0.018608
-0.187306
-0.135984
0.019506
-0.087753
0.108480
0.216378
0.013353
0.152246
0.122269
0.190633
0.209329
0.037340
-0.375724
0.106362
0.017879
0.009093
0.218985
0.142781
0.135366
-0.036487
-0.048862
0.218193
-0.017304
-0.044791
0.160903
-0.191243
0.167012
-0.246970
0.141007
0.083041
0.146548
-0.116329
-0.186704
0.051181
0.099510
0.191444
-0.288294
0.104127
0.152876
0.120049
0.170064
0.119667
0.024848
0.044362
-0.151927
-0.173961
0.153526
-0.078060
0.109464
0.047321
0.066923
-0.213588
0.081337
0.065160
0.104562
0.022379
0.141509
-0.002198
0.067520
0.094199
0.179581
-0.278733
-0.034501
-0.110009
-0.189657
0.115492
0.174304
0.141143
-0.389936
0.003421
-0.050382
-0.163360
-0.027264
0.164877
0.181334
0.232598
0.118617
-0.088429
0.164060
-0.037952
0.125486
0.095305
0.166368
-0.006326
-0.030626
-0.038573
0.052637
0.039104
-0.015855
-0.197709
0.018591
-0.224855
-0.093169
-0.091084
-0.072585
-0.094974
0.173706
-0.308124
0.159756
-0.164412
0.020979
0.129866
0.052757
0.076565
0.112475
-0.335234
0.201993
0.070288
0.025311
0.081938
0.350725
0.158057
-0.023728
-0.040209
-0.359058
0.216505
0.151216
0.123979
-0.137571
0.111185
-0.187750
-0.032089
-0.261224
0.092238
-0.064484
-0.088668
0.093970
-0.290903
0.068258
0.016004
0.211374
-0.262111
0.076909
-0.005102
0.109640
0.146623
0.017345
0.282637
-0.211566
0.088733
0.203875
0.075526
-0.005346
0.041108
-0.040287
-0.106083
0.096699
0.200606
0.138084
-0.312657
0.216166
-0.093556
0.072418
-0.182912
-0.018831
-0.149673
-0.943515
0.123010
0.146009
0.035246
0.079423
0.134504
-0.079519
0.004062
0.017043
0.152297
0.010074
0.110841
0.004286
0.059468
0.110395
0.150599
-0.093857
0.025195
0.145604
0.136631
0.045410
0.036533
-0.101547
0.087802
-0.067806
0.130781
0.188702
-0.159296
0.078624
-0.450739
-0.255929
0.109973
