0.061915
0.117592
0.099254
0.148448
0.045394
0.105602
0.014992
0.180727
0.090016
0.028914
0.025162
0.006271
0.012046
0.094432
-0.031382
-0.101911
0.025412
-0.025844
-0.034855
-0.103147
-0.010154
-0.169117
0.176629
0.120540
0.184200
0.010041
0.149425
0.133487
0.024581
-0.024192
0.024095
0.005931
0.115872
0.061574
0.087101
0.022278
0.180529
0.047785
0.080930
0.119913
0.101352
-0.061261
0.030182
0.010602
0.017111
0.070579
0.025521
0.036194
0.041222
-0.006267
0.005092
0.294104
0.066752
-0.064367
-0.119105
0.022357
0.128368
0.077313
0.204684
0.175556
0.046156
-0.020234
0.060532
-0.053431
0.018361
0.075581
-0.089478
0.081393
-0.000653
0.116437
0.106446
-0.012856
-0.009685
-0.149199
0.134418
0.102349
0.015886
0.093383
0.077515
0.057558
0.156756
0.044338
-0.142521
-0.004456
0.120089
0.140867
0.079836
-0.035329
0.067884
-0.069684
0.046431
0.054308
-0.004772
0.071801
0.000813
0.002394
0.022616
0.037192
0.095206
-0.121146
0.187912
0.001385
0.101116
0.018653
0.091012
0.102591
0.126480
0.098987
0.129473
0.016473
-0.017176
0.081439
0.109488
-0.167569
0.065549
0.099460
0.022864
0.003384
-0.011640
0.055228
0.160834
0.161990
0.010449
-0.041953
0.057768
-0.170690
0.060597
0.082227
-0.005413
0.066678
0.044949
0.150280
-0.011288
-0.127934
0.043159
0.105655
0.027075
0.145501
0.114813
0.077814
0.018429
0.127296
0.042687
0.012766
-0.143474
0.090029
0.139624
0.064272
0.053238
0.057950
-0.003029
-0.036627
0.043461
0.018321
0.147533
-0.003097
0.193305
0.037803
0.015177
0.070537
-0.041457
-0.000579
-0.008479
0.076491
-0.060230
0.032604
-0.049791
-0.038487
0.059754
0.020642
0.113656
0.160128
0.068393
-0.089425
0.137431
0.067251
0.127866
0.013205
0.000848
-0.012207
0.038401
-0.095072
0.038638
-0.054659
0.027568
-0.206637
0.070074
0.237057
0.055951
0.097360
0.038187
0.113761
0.064993
0.128514
0.041612
-0.004008
0.032900
-0.069276
0.056353
0.068512
-0.015157
0.078504
0.075466
0.001153
0.100097
-0.108955
-0.141770
-0.062712
0.036063
0.040949
0.015903
-0.016560
-0.084071
0.123393
0.127035
0.103087
-0.088374
0.138557
0.101108
-0.116373
0.106750
0.126681
0.142200
0.046989
0.033702
-0.001522
-0.064931
-0.008089
-0.007316
0.037726
-0.144060
0.115342
-0.037103
0.072758
0.060094
-0.030424
-0.003681
0.057470
0.062845
0.017579
-0.031081
0.407449
0.098799
0.040413
0.051591
0.081898
0.017706
0.047030
0.063603
-0.086693
0.211789
-0.037214
0.002487
0.130474
-0.061921
-0.220665
-0.026524
-0.080076
0.099569
0.024622
0.177953
-0.033187
0.096334
-0.048552
-0.227101
0.017763
-0.066646
0.027590
0.086807
0.011808
-0.033569
0.161417
-0.032164
-0.036439
0.031606
0.033757
0.145024
0.154341
0.060228
0.335988
0.074570
-0.037943
-0.056619
0.067663
0.009085
0.019530
0.187323
0.082189
-0.004460
0.194005
0.145510
0.065786
0.081920
-0.002435
-0.058830
0.060256
0.081527
-0.025838
0.046051
-0.090481
-0.000333
-0.026543
0.002180
0.104025
0.077775
0.234196
0.017019
-0.000709
0.008039
-0.097762
-0.033359
0.064084
0.262314
0.051688
0.007471
-0.002793
0.109446
0.143738
-0.050097
0.060558
0.070438
0.174326
-0.036177
0.171028
0.070270
0.025999
0.090010
0.145105
0.164463
0.014018
0.159251
0.083456
0.081043
0.047175
-0.199843
0.060216
0.151072
0.016074
0.041164
-0.022756
-0.116807
-0.003839
-0.124184
-0.016176
0.021401
-0.008679
0.156170
0.007487
-0.004743
0.002303
0.001477
0.074249
-0.036317
0.064459
-0.021046
-0.004688
0.134567
0.075790
0.070661
-0.007729
-0.085615
0.090647
-0.015880
-0.018819
0.006976
0.025264
0.066243
0.037618
0.009600
0.082675
0.064184
0.106363
0.308008
0.037079
0.095377
0.063116
-0.063750
0.038407
-0.019669
-0.007267
0.111901
0.023554
0.028342
-0.007352
-0.027433
0.110874
0.068238
0.016692
0.005911
0.095526
0.006481
0.001958
0.028222
0.071014
-0.082266
0.055784
-0.062301
0.035653
0.018369
0.172400
0.042391
0.085626
0.053221
0.057319
0.038537
-0.032478
-0.022224
0.051022
0.039756
0.113303
0.051710
-0.007390
0.143441
-0.058413
0.119395
0.124273
0.029958
0.119893
0.071603
0.043091
0.179159
-0.044490
0.105750
0.039340
0.074067
-0.014294
0.032194
0.154936
0.065708
-0.150720
-0.018830
0.235747
0.037832
0.015236
0.051653
-0.065503
0.088984
0.033990
0.017268
0.029315
-0.012252
0.093105
-0.003066
-0.005582
-0.078779
0.022495
-0.030269
0.003406
0.023158
0.017591
-0.016407
-0.093542
-0.041285
0.063732
-0.013772
-0.021831
0.025724
-0.067868
-0.087856
0.142809
0.036840
0.234906
0.002075
-0.030683
0.068175
0.181578
-0.025106
0.140996
-0.081597
-0.036859
0.039025
0.029897
-0.032796
0.032695
0.068220
-0.040064
0.044553
-0.163202
0.209472
0.132029
0.026837
-0.031860
0.167167
0.003344
0.224282
0.209260
0.088776
0.145993
0.171880
-0.028071
0.210467
0.143522
0.045410
0.028746
-0.068997
-0.025016
0.058763
-0.015552
0.017062
0.018614
0.176059
-0.078362
0.058714
0.050086
-0.027728
-0.081656
0.065287
-0.043521
0.078594
0.012624
0.111854
0.028703
0.119033
0.038409
0.014303
0.043889
-0.161101
-0.054368
-0.271902
0.048053
0.005713
0.048054
0.127379
0.027271
0.031832
-0.029720
-0.083915
0.040778
0.117033
0.076481
0.035077
0.032857
0.032357
0.046659
0.110429
0.072501
0.091946
0.116622
0.066724
0.165572
0.013942
-0.047837
-0.016629
0.068653
-0.275780
0.073453
0.025225
-0.005590
0.045067
0.005463
0.041241
0.043128
0.113364
0.112542
0.065870
0.093204
-0.066494
0.004492
-0.014833
-0.081994
0.096997
0.092495
0.039595
0.185313
0.088555
0.114419
0.168768
0.034620
-0.014002
0.013815
0.052225
0.016573
0.038498
-0.183621
0.118347
0.343692
-0.060093
0.171291
0.039434
0.023761
-0.091343
-0.001429
0.067473
-0.043882
0.056060
0.104927
0.028955
0.058526
0.058550
0.002682
0.049429
0.092588
0.009254
-0.113252
0.040594
-0.099389
0.060478
0.027699
0.141323
-0.109044
0.025654
-0.027936
0.006910
0.089261
0.025936
0.351482
0.080828
-0.036476
0.029258
-0.057441
0.028043
0.111840
0.074549
0.050985
-0.056492
0.026223
0.076783
0.084834
0.255234
0.109904
0.056395
0.086818
0.153166
0.056582
-0.029241
0.004788
0.225369
0.028000
-0.008785
0.073196
-0.020257
-0.136434
-0.005332
0.160233
-0.059898
0.135235
-0.026065
0.050934
0.115307
-1.054676
0.087792
-0.017956
0.076905
0.055051
-0.032415
0.146518
-0.170091
0.167018
-0.201585
-0.024448
-0.123712
0.177475
0.075510
0.105914
0.120115
0.054993
0.078203
-0.072847
0.034962
0.163464
-0.023478
0.047982
-0.009493
-0.022375
0.093300
0.011755
-0.158464
0.061441
0.064071
0.129329
0.015439
0.012293
0.035820
0.032192
0.178190
-0.240213
0.134494
0.007206
-0.182441
0.000460
0.121506
0.031115
0.051012
0.080397
0.044600
0.151325
0.249032
0.230812
0.124512
0.051528
0.110835
0.016382
0.127391
0.048289
0.121312
0.093383
0.057407
0.030718
0.040266
-0.023969
0.062237
-0.092018
0.009296
-0.069893
0.010608
-0.194200
0.058937
0.168080
0.005064
0.131414
-0.121607
0.008928
0.163964
0.058698
0.015128
-0.018143
-0.040534
0.127655
0.013738
0.033800
0.231883
0.037827
0.037516
0.022206
0.003995
0.028743
-0.064698
0.065240
-0.017117
-0.031550
0.121679
-0.007935
0.056880
-0.008516
-0.072456
0.061372
0.169329
0.044118
-0.049886
-0.129894
0.068042
-0.171841
-0.006047
0.085620
-0.020448
0.002696
-0.103451
0.074300
-0.053052
-0.016012
0.063789
0.203001
-0.061073
0.090155
0.124964
0.094302
0.149278
0.033458
-0.420251
0.056436
0.092503
-0.046601
-0.029956
0.088445
0.017977
0.045027
0.062326
0.076463
-0.069934
0.049314
0.020452
0.102581
-0.142785
0.226839
0.058627
0.132712
0.087623
-0.029948
0.080093
0.144307
0.107289
0.011467
0.022192
-0.009089
0.108729
-0.070366
-0.094400
0.002142
0.078102
0.115960
0.042761
-0.060390
0.109192
-0.137046
0.005528
0.026194
-0.054213
0.074832
0.099265
0.080018
0.021578
0.140355
0.039055
-0.053113
-0.029767
0.186909
0.088608
-0.003402
0.092263
0.044789
0.091979
-0.065012
0.186815
-0.092519
0.170880
-0.024677
0.008698
0.155663
0.044640
0.024143
0.034556
0.139325
0.087317
0.016127
0.101089
0.038469
0.012063
-0.061531
0.070210
0.059755
0.057652
0.021533
-0.089408
0.061123
-0.016262
0.160774
-0.043416
0.014914
0.138038
-0.039873
0.181367
-0.057910
0.061007
0.053050
0.210284
0.083541
0.085837
0.039779
-0.027934
0.129210
0.087504
0.094590
0.057207
0.000293
0.035221
0.045022
-0.031440
-0.007830
0.049541
0.168479
0.108346
-0.031773
0.075073
0.172264
0.030101
-0.006892
0.041576
-0.094881
0.109540
0.023180
0.008237
0.102385
-0.021762
-0.050030
-0.030778
0.091731
0.115200
0.193070
0.127796
0.035682
-0.253956
0.078064
0.044554
-0.070753
-0.022555
0.103161
0.136632
0.088201
0.025965
0.054856
0.069190
-0.023891
0.062873
0.021417
0.066692
0.069630
0.059797
0.166956
-0.033464
0.081243
0.053554
-0.063179
0.015480
0.036291
0.057620
0.101757
0.115844
-0.189648
0.111056
-0.139191
0.007504
0.038686
-0.030050
0.050126
0.014155
0.132349
0.105257
-0.383809
0.088212
0.057285
0.053564
0.025049
0.392739
0.074809
-0.020893
-0.020644
-0.072532
0.173371
-0.008374
0.002627
-0.011537
0.105632
0.167132
0.034762
-0.026560
0.015907
0.047051
0.086156
0.002997
-0.209725
0.092499
-0.035881
0.104552
-0.070322
0.108535
-0.143811
0.098865
0.091231
0.040390
0.054755
0.077564
0.084970
0.159509
0.054918
0.115155
-0.022827
-0.000315
0.036635
-0.021606
0.094375
-0.050216
0.071977
0.091702
0.005106
-0.005633
0.174654
0.095895
-0.109251
-0.613857
0.077815
0.057418
0.034075
0.116707
0.042273
0.049382
0.014168
-0.017124
0.057107
-0.026194
-0.093445
-0.044267
0.038370
0.044572
0.019323
0.000154
0.022113
-0.012820
0.015886
0.027563
0.020498
-0.034834
0.134384
0.015668
0.038767
0.104821
0.071402
-0.034586
-0.157622
-0.121574
0.093916
